uid,sid,value
859,0,1
1014,1,1
1471,1,1
2231,1,1
88,2,1
293,2,1
2009,2,1
610,2,1
569,2,1
2313,2,1
2341,2,1
2196,2,1
1464,2,1
1166,2,1
1369,2,1
90,2,1
514,2,1
241,2,1
554,2,1
1033,2,1
2091,2,1
763,2,1
370,3,1
1787,3,1
2220,4,1
977,5,1
335,5,1
1779,5,1
2220,5,1
774,5,1
1298,5,1
1785,5,1
526,5,1
204,5,1
66,5,1
1138,5,1
1828,5,1
97,5,1
1983,5,1
1362,5,1
2412,5,1
353,5,1
286,5,1
0,5,1
1554,5,1
407,5,1
1438,5,1
1380,5,1
1122,5,1
387,5,1
670,5,1
2248,5,1
1120,5,1
1853,5,1
454,5,1
803,5,1
836,5,1
21,5,1
1707,5,1
968,5,1
2255,5,1
43,5,1
1293,5,1
843,5,1
2168,5,1
81,5,1
135,5,1
1496,5,1
2254,5,1
602,5,1
2174,5,1
2401,5,1
2177,5,1
2025,5,1
87,5,1
566,5,1
1590,5,1
1196,5,1
714,5,1
1285,5,1
1398,5,1
2062,5,1
729,5,1
1838,5,1
1009,5,1
999,5,1
1640,5,1
498,5,1
302,5,1
892,5,1
1545,5,1
1989,5,1
1699,5,1
2310,5,1
2343,5,1
155,5,1
275,5,1
812,5,1
1229,5,1
2066,5,1
35,5,1
1617,5,1
1003,5,1
1135,5,1
2047,5,1
112,5,1
217,5,1
1349,5,1
1200,5,1
1102,5,1
324,5,1
929,5,1
2261,5,1
1376,5,1
216,5,1
190,5,1
2327,5,1
377,5,1
2022,5,1
794,5,1
2058,5,1
2272,5,1
326,5,1
1919,5,1
969,5,1
2101,5,1
1250,5,1
1795,5,1
2377,5,1
109,5,1
480,5,1
1955,5,1
1168,5,1
1010,5,1
856,5,1
576,5,1
1978,5,1
1550,5,1
2088,5,1
2015,5,1
462,5,1
1615,5,1
1854,5,1
545,5,1
34,5,1
425,5,1
541,5,1
1692,5,1
1987,5,1
1443,5,1
2361,5,1
2362,5,1
1637,5,1
2156,5,1
589,5,1
512,5,1
1556,5,1
989,5,1
1437,5,1
1712,5,1
1604,5,1
1303,5,1
1117,5,1
1777,5,1
1091,5,1
1069,5,1
906,5,1
1689,5,1
2099,5,1
341,5,1
639,5,1
1289,5,1
456,5,1
1815,5,1
1105,5,1
871,5,1
2357,5,1
1287,5,1
2,5,1
1679,5,1
1342,5,1
1394,5,1
2252,5,1
187,5,1
263,5,1
593,5,1
643,5,1
627,5,1
2262,5,1
710,5,1
1084,5,1
940,5,1
1088,5,1
386,5,1
1483,5,1
188,5,1
1340,5,1
1180,5,1
1319,5,1
1534,5,1
1,5,1
1718,5,1
997,5,1
642,5,1
37,5,1
1558,5,1
140,5,1
1582,5,1
857,5,1
1985,5,1
534,5,1
1898,5,1
1677,5,1
2265,5,1
2223,5,1
1476,5,1
1005,5,1
11,5,1
1146,5,1
2224,5,1
1404,5,1
127,5,1
463,5,1
51,5,1
477,5,1
1636,5,1
430,5,1
447,5,1
2176,5,1
2186,5,1
509,5,1
1685,5,1
237,5,1
1747,5,1
1750,5,1
76,5,1
903,5,1
665,5,1
1963,5,1
741,5,1
532,5,1
874,5,1
513,5,1
162,5,1
811,5,1
1081,5,1
1049,5,1
1970,5,1
1035,5,1
1044,5,1
150,5,1
111,5,1
1678,5,1
2076,5,1
1616,5,1
1154,5,1
2100,5,1
431,5,1
600,5,1
1559,5,1
1392,5,1
1549,5,1
1421,5,1
229,5,1
1869,5,1
864,5,1
2098,5,1
206,5,1
2294,5,1
1134,5,1
1764,5,1
2097,5,1
1397,5,1
570,5,1
1639,5,1
388,5,1
721,5,1
405,5,1
2148,5,1
1671,5,1
2267,5,1
548,5,1
493,5,1
1339,5,1
311,5,1
1068,5,1
189,5,1
258,5,1
569,5,1
1563,5,1
1668,5,1
573,5,1
828,5,1
2166,5,1
110,5,1
1912,5,1
1414,5,1
2239,5,1
1813,5,1
596,5,1
1121,5,1
1506,5,1
508,5,1
448,5,1
22,5,1
1960,5,1
1042,5,1
1324,5,1
2075,5,1
1653,5,1
1383,5,1
2241,5,1
955,5,1
1719,5,1
957,5,1
2175,5,1
815,5,1
1990,5,1
1968,5,1
1493,5,1
2323,5,1
675,5,1
802,5,1
689,5,1
287,5,1
757,5,1
1288,5,1
1478,5,1
406,5,1
574,5,1
2371,5,1
880,5,1
699,5,1
340,5,1
768,5,1
732,5,1
1536,5,1
632,5,1
1212,5,1
345,5,1
1667,5,1
1644,5,1
2027,5,1
1715,5,1
15,5,1
2382,5,1
106,5,1
936,5,1
278,5,1
1017,5,1
2074,5,1
2163,5,1
1078,5,1
2170,5,1
1589,5,1
432,5,1
1652,5,1
1001,5,1
1004,5,1
1460,5,1
248,5,1
1440,5,1
67,5,1
274,5,1
2422,5,1
827,5,1
1513,5,1
907,5,1
1308,5,1
1847,5,1
1457,5,1
177,5,1
2150,5,1
725,5,1
717,5,1
551,5,1
2091,5,1
1190,5,1
2326,5,1
2132,5,1
2184,5,1
1064,5,1
851,5,1
2353,5,1
612,5,1
1969,5,1
2250,5,1
1219,5,1
2092,5,1
964,5,1
2340,5,1
252,5,1
1917,5,1
418,5,1
1370,5,1
2253,5,1
1826,5,1
1098,5,1
2017,5,1
1520,5,1
949,5,1
298,5,1
1528,5,1
1832,5,1
1432,5,1
918,5,1
885,5,1
2063,5,1
1775,5,1
1492,5,1
544,5,1
499,5,1
2119,5,1
1075,5,1
420,5,1
2302,5,1
565,5,1
1130,5,1
2000,5,1
2096,5,1
845,5,1
1733,5,1
1887,5,1
2087,5,1
1280,5,1
2135,5,1
1944,5,1
1191,5,1
1074,5,1
1142,5,1
440,5,1
1060,5,1
474,5,1
2102,5,1
2406,5,1
1884,5,1
1093,5,1
1542,5,1
1209,5,1
693,5,1
862,5,1
1265,5,1
1796,5,1
279,5,1
914,5,1
1193,5,1
1693,5,1
199,5,1
1818,5,1
1727,5,1
1619,5,1
163,5,1
542,5,1
2379,5,1
1254,5,1
1996,5,1
1895,5,1
92,6,1
1413,6,1
590,6,1
1108,6,1
1046,6,1
1439,6,1
1421,6,1
2225,6,1
882,6,1
235,6,1
2094,6,1
1844,6,1
97,6,1
568,6,1
352,6,1
30,6,1
357,6,1
54,6,1
2255,6,1
1381,6,1
1545,6,1
104,6,1
1436,6,1
323,6,1
841,6,1
1842,6,1
729,6,1
2026,6,1
1799,6,1
1445,6,1
1875,6,1
2177,6,1
1398,6,1
1980,6,1
928,6,1
959,6,1
651,6,1
1598,6,1
376,6,1
1889,6,1
1451,6,1
155,6,1
812,6,1
134,6,1
929,6,1
1964,6,1
411,6,1
312,6,1
582,6,1
1580,6,1
991,6,1
324,6,1
960,6,1
1909,6,1
908,6,1
1141,6,1
2127,6,1
103,6,1
1516,6,1
794,6,1
2037,6,1
1960,6,1
1930,6,1
800,6,1
2281,6,1
1903,6,1
1342,6,1
1337,6,1
2196,6,1
1786,6,1
120,6,1
2328,6,1
2357,6,1
1800,6,1
945,6,1
350,6,1
385,6,1
2036,6,1
769,6,1
2057,6,1
283,6,1
4,6,1
280,6,1
1627,6,1
2003,6,1
1871,6,1
2362,6,1
660,6,1
1460,6,1
828,6,1
1471,6,1
997,6,1
1005,6,1
860,6,1
569,6,1
2007,6,1
1247,6,1
1447,6,1
2251,6,1
852,6,1
583,6,1
1020,6,1
2394,6,1
1367,6,1
1985,6,1
530,6,1
472,6,1
394,6,1
1636,6,1
1019,6,1
96,6,1
2291,6,1
1551,6,1
1198,6,1
821,6,1
889,6,1
316,6,1
1434,6,1
2085,6,1
1706,6,1
1961,6,1
2166,6,1
714,6,1
1000,6,1
508,6,1
1681,6,1
2046,6,1
2175,6,1
256,6,1
1666,6,1
1288,6,1
74,6,1
524,6,1
1220,6,1
880,6,1
175,6,1
2350,6,1
1191,6,1
675,6,1
205,6,1
2145,6,1
1403,6,1
2325,6,1
2358,6,1
1589,6,1
1426,6,1
1868,6,1
461,6,1
2399,6,1
2071,6,1
1377,6,1
2041,6,1
544,6,1
2183,6,1
1881,6,1
985,6,1
365,6,1
1067,6,1
2013,6,1
2345,6,1
2008,6,1
2070,6,1
1123,6,1
1648,6,1
1076,6,1
139,6,1
279,6,1
2291,7,1
135,7,1
2254,7,1
870,7,1
168,7,1
1382,7,1
2365,7,1
1993,7,1
714,7,1
2185,7,1
581,7,1
146,7,1
601,7,1
1084,7,1
468,7,1
1483,7,1
1985,7,1
1792,7,1
982,7,1
1739,7,1
2000,7,1
579,7,1
2085,7,1
1257,7,1
1492,7,1
1291,7,1
1994,7,1
2077,7,1
300,7,1
2086,7,1
2107,7,1
1571,8,1
1074,8,1
268,8,1
1298,8,1
1306,8,1
1116,8,1
1621,8,1
526,8,1
1717,8,1
1634,8,1
1315,8,1
824,8,1
1916,8,1
1962,8,1
81,8,1
1371,8,1
981,8,1
2214,8,1
135,8,1
837,8,1
2248,8,1
2335,8,1
1915,8,1
2370,8,1
2113,8,1
1304,8,1
2169,8,1
611,8,1
1289,8,1
1590,8,1
518,8,1
2024,8,1
1398,8,1
2294,8,1
473,8,1
2108,8,1
186,8,1
2080,8,1
1248,8,1
904,8,1
1901,8,1
1825,8,1
1703,8,1
2199,8,1
2162,8,1
1438,8,1
1283,8,1
1211,8,1
2139,8,1
775,8,1
84,8,1
932,8,1
1589,8,1
479,8,1
1964,8,1
710,8,1
856,8,1
541,8,1
169,8,1
2272,8,1
2227,8,1
1512,8,1
2386,8,1
2058,8,1
1795,8,1
83,8,1
1430,8,1
901,8,1
804,8,1
1545,8,1
1709,8,1
1361,8,1
1978,8,1
1475,8,1
2184,8,1
955,8,1
310,8,1
852,8,1
75,8,1
512,8,1
2338,8,1
1255,8,1
153,8,1
357,8,1
348,8,1
1368,8,1
2348,8,1
446,8,1
1013,8,1
994,8,1
1910,8,1
64,8,1
1455,8,1
1586,8,1
1999,8,1
2328,8,1
922,8,1
60,8,1
1772,8,1
528,8,1
1742,8,1
957,8,1
1420,8,1
1669,8,1
1375,8,1
912,8,1
1284,8,1
588,8,1
1848,8,1
2025,8,1
2003,8,1
593,8,1
1706,8,1
187,8,1
364,8,1
2284,8,1
1814,8,1
232,8,1
2100,8,1
41,8,1
392,8,1
1107,8,1
141,8,1
228,8,1
1541,8,1
1431,8,1
1354,8,1
954,8,1
600,8,1
1476,8,1
659,8,1
1300,8,1
2073,8,1
1313,8,1
207,8,1
581,8,1
2375,8,1
2131,8,1
330,8,1
2186,8,1
2124,8,1
2226,8,1
1939,8,1
1081,8,1
3,8,1
835,8,1
1447,8,1
2076,8,1
2382,8,1
1892,8,1
1499,8,1
785,8,1
1767,8,1
2112,8,1
2212,8,1
1754,8,1
2057,8,1
1591,8,1
821,8,1
114,8,1
2147,8,1
472,8,1
316,8,1
1668,8,1
2166,8,1
664,8,1
2402,8,1
1174,8,1
1960,8,1
1661,8,1
1557,8,1
2392,8,1
476,8,1
225,8,1
876,8,1
1278,8,1
16,8,1
1954,8,1
406,8,1
865,8,1
1288,8,1
1377,8,1
648,8,1
58,8,1
1166,8,1
283,8,1
2175,8,1
2216,8,1
907,8,1
1790,8,1
1811,8,1
205,8,1
1578,8,1
1258,8,1
2120,8,1
2145,8,1
1645,8,1
1238,8,1
1017,8,1
850,8,1
1444,8,1
2192,8,1
2205,8,1
413,8,1
702,8,1
1878,8,1
1028,8,1
1153,8,1
985,8,1
447,8,1
1486,8,1
1653,8,1
2000,8,1
499,8,1
551,8,1
2253,8,1
1143,8,1
1080,8,1
287,8,1
245,8,1
949,8,1
1360,8,1
1426,8,1
285,8,1
2164,8,1
1735,8,1
544,8,1
1676,8,1
2302,8,1
2135,8,1
1846,8,1
2358,8,1
2085,8,1
1724,8,1
1904,8,1
899,8,1
1215,8,1
239,8,1
1185,8,1
1055,8,1
2425,8,1
685,8,1
1601,8,1
724,8,1
914,8,1
1796,8,1
1515,8,1
93,8,1
2144,9,1
762,9,1
66,9,1
2011,9,1
696,9,1
676,9,1
1808,9,1
995,9,1
1401,9,1
407,9,1
2318,9,1
1014,9,1
454,9,1
2340,9,1
56,9,1
526,9,1
1590,9,1
884,9,1
1892,9,1
1873,9,1
2081,9,1
2062,9,1
142,9,1
920,9,1
892,9,1
981,9,1
2118,9,1
1617,9,1
1330,9,1
2419,9,1
360,9,1
694,9,1
1350,9,1
426,9,1
671,9,1
1919,9,1
2060,9,1
2047,9,1
2383,9,1
856,9,1
1709,9,1
1734,9,1
972,9,1
901,9,1
1738,9,1
2344,9,1
2193,9,1
1074,9,1
384,9,1
1872,9,1
512,9,1
1767,9,1
494,9,1
589,9,1
588,9,1
2053,9,1
616,9,1
1821,9,1
444,9,1
553,9,1
2090,9,1
2215,9,1
75,9,1
1800,9,1
2361,9,1
1602,9,1
1787,9,1
1834,9,1
2003,9,1
2075,9,1
631,9,1
166,9,1
1279,9,1
1052,9,1
2224,9,1
927,9,1
1084,9,1
1991,9,1
203,9,1
1530,9,1
237,9,1
1750,9,1
351,9,1
503,9,1
1920,9,1
301,9,1
258,9,1
732,9,1
343,9,1
2381,9,1
1867,9,1
1963,9,1
1482,9,1
2159,9,1
96,9,1
448,9,1
2274,9,1
1247,9,1
131,9,1
1446,9,1
821,9,1
1190,9,1
1855,9,1
2148,9,1
1986,9,1
957,9,1
2166,9,1
1189,9,1
171,9,1
2235,9,1
1534,9,1
1452,9,1
1657,9,1
2382,9,1
325,9,1
1344,9,1
1422,9,1
15,9,1
2190,9,1
245,9,1
554,9,1
2205,9,1
544,9,1
867,9,1
489,9,1
1646,9,1
1064,9,1
2369,9,1
1067,9,1
1142,9,1
1080,9,1
1897,9,1
2244,9,1
2063,9,1
1395,9,1
499,9,1
308,9,1
246,9,1
1403,9,1
288,9,1
591,9,1
1448,9,1
1045,9,1
1191,9,1
2021,9,1
1340,9,1
391,9,1
252,9,1
1177,9,1
152,9,1
1826,9,1
905,9,1
745,9,1
1048,9,1
1881,9,1
1291,9,1
1400,9,1
215,10,1
1071,10,1
1356,10,1
268,10,1
1298,10,1
1306,10,1
728,10,1
836,10,1
2342,10,1
2011,10,1
549,10,1
373,10,1
1828,10,1
2158,10,1
88,10,1
1784,10,1
1697,10,1
1962,10,1
824,10,1
1371,10,1
646,10,1
925,10,1
1094,10,1
1270,10,1
135,10,1
1717,10,1
705,10,1
452,10,1
611,10,1
87,10,1
1890,10,1
1289,10,1
355,10,1
1922,10,1
1590,10,1
1553,10,1
1737,10,1
1398,10,1
1162,10,1
2343,10,1
1714,10,1
2160,10,1
1699,10,1
2144,10,1
2080,10,1
1862,10,1
1901,10,1
1429,10,1
142,10,1
1283,10,1
1376,10,1
1211,10,1
84,10,1
2066,10,1
1500,10,1
2155,10,1
1430,10,1
953,10,1
939,10,1
2227,10,1
794,10,1
1545,10,1
326,10,1
1795,10,1
1512,10,1
1819,10,1
2364,10,1
2058,10,1
83,10,1
1416,10,1
1361,10,1
1188,10,1
1893,10,1
75,10,1
955,10,1
1705,10,1
435,10,1
2355,10,1
512,10,1
808,10,1
125,10,1
186,10,1
1474,10,1
1013,10,1
1830,10,1
752,10,1
1227,10,1
357,10,1
547,10,1
639,10,1
920,10,1
2404,10,1
352,10,1
2181,10,1
1586,10,1
1689,10,1
1786,10,1
1487,10,1
1660,10,1
4,10,1
1241,10,1
456,10,1
1772,10,1
528,10,1
957,10,1
1309,10,1
2359,10,1
1800,10,1
2411,10,1
2003,10,1
593,10,1
187,10,1
778,10,1
844,10,1
64,10,1
392,10,1
785,10,1
1115,10,1
1375,10,1
228,10,1
389,10,1
141,10,1
2398,10,1
642,10,1
711,10,1
1677,10,1
659,10,1
1555,10,1
1846,10,1
76,10,1
1899,10,1
2131,10,1
1632,10,1
203,10,1
2186,10,1
2007,10,1
891,10,1
1750,10,1
1147,10,1
2085,10,1
150,10,1
2312,10,1
127,10,1
666,10,1
863,10,1
229,10,1
1369,10,1
2212,10,1
742,10,1
1421,10,1
1869,10,1
1581,10,1
1529,10,1
1998,10,1
2245,10,1
2147,10,1
2036,10,1
1587,10,1
1173,10,1
70,10,1
795,10,1
989,10,1
821,10,1
708,10,1
132,10,1
1488,10,1
1383,10,1
690,10,1
1012,10,1
954,10,1
2230,10,1
1520,10,1
266,10,1
664,10,1
1118,10,1
2402,10,1
1159,10,1
1960,10,1
2002,10,1
847,10,1
468,10,1
600,10,1
760,10,1
2206,10,1
448,10,1
1661,10,1
1423,10,1
1422,10,1
973,10,1
1973,10,1
2095,10,1
225,10,1
1526,10,1
469,10,1
2104,10,1
244,10,1
466,10,1
406,10,1
865,10,1
1377,10,1
1505,10,1
192,10,1
2054,10,1
831,10,1
2216,10,1
2175,10,1
52,10,1
781,10,1
2246,10,1
2295,10,1
1790,10,1
1578,10,1
579,10,1
839,10,1
909,10,1
2415,10,1
2145,10,1
240,10,1
1238,10,1
951,10,1
2233,10,1
1805,10,1
1208,10,1
1954,10,1
2360,10,1
1444,10,1
1278,10,1
1847,10,1
1662,10,1
2325,10,1
1811,10,1
224,10,1
2135,10,1
1567,10,1
2399,10,1
1470,10,1
1575,10,1
1028,10,1
442,10,1
28,10,1
86,10,1
447,10,1
1480,10,1
551,10,1
1273,10,1
2000,10,1
1403,10,1
230,10,1
2089,10,1
692,10,1
1143,10,1
287,10,1
1098,10,1
245,10,1
12,10,1
1426,10,1
1589,10,1
822,10,1
1735,10,1
544,10,1
329,10,1
1935,10,1
2400,10,1
1136,10,1
1084,10,1
2382,10,1
100,10,1
2387,10,1
2358,10,1
754,10,1
409,10,1
961,10,1
1024,10,1
675,10,1
1759,10,1
899,10,1
1525,10,1
2284,10,1
662,10,1
2425,10,1
1850,10,1
1601,10,1
1316,10,1
2130,10,1
1693,10,1
1197,10,1
1552,10,1
1515,10,1
1818,10,1
1272,11,1
315,11,1
1962,11,1
955,11,1
1815,11,1
912,11,1
1997,11,1
1695,11,1
1313,11,1
325,11,1
1939,11,1
127,11,1
1288,11,1
185,11,1
2229,11,1
792,11,1
2250,11,1
245,11,1
1037,12,1
1101,12,1
2287,12,1
507,12,1
1737,12,1
1960,12,1
1278,12,1
810,12,1
1790,12,1
619,12,1
1403,12,1
113,12,1
1904,12,1
1818,12,1
1331,12,1
1037,13,1
1050,13,1
774,13,1
2011,13,1
249,13,1
1786,13,1
92,13,1
996,13,1
1913,13,1
2094,13,1
2277,13,1
30,13,1
2416,13,1
2255,13,1
1445,13,1
849,13,1
54,13,1
2321,13,1
1931,13,1
1381,13,1
803,13,1
2175,13,1
1923,13,1
1545,13,1
841,13,1
80,13,1
1436,13,1
952,13,1
1444,13,1
353,13,1
729,13,1
2026,13,1
1292,13,1
2335,13,1
521,13,1
124,13,1
371,13,1
941,13,1
1875,13,1
611,13,1
1922,13,1
2177,13,1
2062,13,1
1417,13,1
211,13,1
1728,13,1
989,13,1
694,13,1
2333,13,1
510,13,1
651,13,1
1395,13,1
376,13,1
2280,13,1
1829,13,1
1451,13,1
756,13,1
1779,13,1
1274,13,1
816,13,1
812,13,1
929,13,1
411,13,1
312,13,1
186,13,1
1637,13,1
456,13,1
1580,13,1
1230,13,1
324,13,1
2388,13,1
2035,13,1
908,13,1
1141,13,1
1312,13,1
103,13,1
2058,13,1
794,13,1
169,13,1
1449,13,1
89,13,1
130,13,1
2281,13,1
2126,13,1
1560,13,1
1817,13,1
1342,13,1
599,13,1
143,13,1
357,13,1
196,13,1
226,13,1
2196,13,1
2223,13,1
468,13,1
1798,13,1
1224,13,1
790,13,1
639,13,1
888,13,1
155,13,1
410,13,1
1871,13,1
364,13,1
1893,13,1
626,13,1
120,13,1
828,13,1
490,13,1
2073,13,1
997,13,1
962,13,1
207,13,1
860,13,1
966,13,1
76,13,1
569,13,1
1617,13,1
1557,13,1
1304,13,1
2251,13,1
817,13,1
759,13,1
2057,13,1
583,13,1
2394,13,1
1861,13,1
748,13,1
85,13,1
1862,13,1
150,13,1
1985,13,1
530,13,1
472,13,1
1636,13,1
1019,13,1
96,13,1
2291,13,1
229,13,1
1551,13,1
1928,13,1
769,13,1
258,13,1
1396,13,1
915,13,1
1955,13,1
1421,13,1
821,13,1
786,13,1
2085,13,1
835,13,1
2181,13,1
505,13,1
2166,13,1
714,13,1
1446,13,1
508,13,1
2015,13,1
1227,13,1
2046,13,1
1253,13,1
877,13,1
1751,13,1
1408,13,1
1579,13,1
601,13,1
1341,13,1
256,13,1
1666,13,1
1990,13,1
1844,13,1
765,13,1
2259,13,1
524,13,1
2322,13,1
957,13,1
1220,13,1
16,13,1
1007,13,1
880,13,1
175,13,1
1191,13,1
1972,13,1
982,13,1
1935,13,1
943,13,1
172,13,1
701,13,1
1257,13,1
504,13,1
1954,13,1
396,13,1
1992,13,1
161,13,1
1589,13,1
1958,13,1
1348,13,1
848,13,1
461,13,1
1080,13,1
1571,13,1
2358,13,1
1377,13,1
2382,13,1
1273,13,1
1317,13,1
544,13,1
523,13,1
565,13,1
591,13,1
262,13,1
2345,13,1
265,13,1
365,13,1
1067,13,1
2282,13,1
2123,13,1
1194,13,1
2360,13,1
1068,13,1
2268,13,1
255,13,1
666,13,1
1525,13,1
805,13,1
1077,13,1
1648,13,1
1076,13,1
424,13,1
174,13,1
2130,13,1
1892,13,1
279,13,1
1390,13,1
1693,13,1
584,13,1
1183,13,1
2149,13,1
1074,14,1
1927,14,1
533,14,1
526,14,1
1621,14,1
836,14,1
1356,14,1
92,14,1
48,14,1
977,14,1
1593,14,1
1784,14,1
105,14,1
1962,14,1
1371,14,1
981,14,1
264,14,1
729,14,1
1915,14,1
2370,14,1
452,14,1
611,14,1
1289,14,1
1590,14,1
1586,14,1
518,14,1
2248,14,1
186,14,1
62,14,1
1398,14,1
1217,14,1
1622,14,1
1844,14,1
983,14,1
304,14,1
1951,14,1
1248,14,1
912,14,1
825,14,1
2162,14,1
400,14,1
1589,14,1
1919,14,1
2412,14,1
412,14,1
2227,14,1
2364,14,1
804,14,1
83,14,1
1430,14,1
376,14,1
155,14,1
1475,14,1
2184,14,1
310,14,1
75,14,1
435,14,1
1188,14,1
1903,14,1
979,14,1
1938,14,1
2059,14,1
1255,14,1
491,14,1
2361,14,1
1474,14,1
1737,14,1
355,14,1
2053,14,1
1848,14,1
1949,14,1
2289,14,1
1772,14,1
212,14,1
1742,14,1
232,14,1
1439,14,1
588,14,1
2359,14,1
2284,14,1
187,14,1
1723,14,1
833,14,1
2305,14,1
1431,14,1
428,14,1
1997,14,1
1354,14,1
2070,14,1
2110,14,1
2073,14,1
813,14,1
1587,14,1
913,14,1
1313,14,1
307,14,1
921,14,1
670,14,1
359,14,1
1750,14,1
460,14,1
1499,14,1
958,14,1
1275,14,1
2280,14,1
1295,14,1
1377,14,1
114,14,1
796,14,1
316,14,1
1515,14,1
222,14,1
2166,14,1
1960,14,1
1159,14,1
1981,14,1
2392,14,1
1302,14,1
225,14,1
524,14,1
959,14,1
1288,14,1
1215,14,1
971,14,1
283,14,1
1647,14,1
2278,14,1
1369,14,1
2415,14,1
2233,14,1
457,14,1
826,14,1
447,14,1
1846,14,1
2164,14,1
2389,14,1
1676,14,1
2085,14,1
107,14,1
961,14,1
303,14,1
899,14,1
724,14,1
92,15,1
1037,15,1
1230,15,1
1298,15,1
1111,15,1
434,15,1
204,15,1
774,15,1
2225,15,1
123,15,1
882,15,1
362,15,1
2094,15,1
97,15,1
30,15,1
841,15,1
1401,15,1
1223,15,1
2113,15,1
2011,15,1
357,15,1
1071,15,1
373,15,1
1108,15,1
849,15,1
1598,15,1
454,15,1
361,15,1
937,15,1
1779,15,1
209,15,1
1841,15,1
1381,15,1
2175,15,1
1442,15,1
104,15,1
1371,15,1
323,15,1
1842,15,1
1187,15,1
1444,15,1
1650,15,1
353,15,1
2335,15,1
521,15,1
1799,15,1
2417,15,1
1875,15,1
753,15,1
611,15,1
1922,15,1
2062,15,1
928,15,1
1620,15,1
1980,15,1
1628,15,1
289,15,1
510,15,1
651,15,1
1957,15,1
158,15,1
376,15,1
1829,15,1
1451,15,1
1274,15,1
1335,15,1
155,15,1
812,15,1
929,15,1
1211,15,1
1964,15,1
1283,15,1
605,15,1
411,15,1
988,15,1
400,15,1
714,15,1
1172,15,1
312,15,1
186,15,1
582,15,1
856,15,1
794,15,1
324,15,1
2035,15,1
2377,15,1
1909,15,1
908,15,1
1141,15,1
377,15,1
1388,15,1
2058,15,1
901,15,1
1449,15,1
89,15,1
1930,15,1
2134,15,1
130,15,1
2281,15,1
1521,15,1
1545,15,1
382,15,1
1412,15,1
1894,15,1
1337,15,1
809,15,1
1134,15,1
599,15,1
455,15,1
1522,15,1
2196,15,1
818,15,1
433,15,1
906,15,1
1767,15,1
807,15,1
1622,15,1
1737,15,1
2332,15,1
1892,15,1
1777,15,1
2191,15,1
1105,15,1
444,15,1
367,15,1
4,15,1
790,15,1
2328,15,1
2395,15,1
1876,15,1
1281,15,1
319,15,1
350,15,1
2036,15,1
1689,15,1
1448,15,1
940,15,1
283,15,1
39,15,1
920,15,1
571,15,1
1471,15,1
1871,15,1
364,15,1
1961,15,1
1821,15,1
1893,15,1
2362,15,1
660,15,1
159,15,1
2073,15,1
997,15,1
962,15,1
1005,15,1
1476,15,1
2140,15,1
1087,15,1
305,15,1
619,15,1
166,15,1
1192,15,1
2290,15,1
569,15,1
629,15,1
785,15,1
2176,15,1
1802,15,1
1247,15,1
2425,15,1
1617,15,1
1147,15,1
2057,15,1
852,15,1
583,15,1
1632,15,1
1020,15,1
2003,15,1
1861,15,1
1367,15,1
85,15,1
226,15,1
769,15,1
1051,15,1
150,15,1
2364,15,1
1985,15,1
96,15,1
2291,15,1
229,15,1
1085,15,1
1551,15,1
1215,15,1
1396,15,1
2235,15,1
1073,15,1
915,15,1
1421,15,1
2260,15,1
1940,15,1
821,15,1
1033,15,1
2267,15,1
1840,15,1
786,15,1
2085,15,1
448,15,1
2166,15,1
828,15,1
489,15,1
1000,15,1
1149,15,1
258,15,1
1960,15,1
1844,15,1
540,15,1
1687,15,1
1227,15,1
757,15,1
1661,15,1
1224,15,1
1341,15,1
256,15,1
1666,15,1
880,15,1
1288,15,1
2230,15,1
765,15,1
1526,15,1
74,15,1
524,15,1
957,15,1
1220,15,1
814,15,1
1191,15,1
760,15,1
1972,15,1
205,15,1
579,15,1
1935,15,1
1096,15,1
1403,15,1
447,15,1
701,15,1
1432,15,1
842,15,1
1460,15,1
936,15,1
175,15,1
2109,15,1
1446,15,1
2358,15,1
2276,15,1
989,15,1
1589,15,1
554,15,1
1264,15,1
1043,15,1
1348,15,1
1868,15,1
2325,15,1
461,15,1
2399,15,1
1257,15,1
985,15,1
2071,15,1
2382,15,1
1273,15,1
214,15,1
715,15,1
2041,15,1
2183,15,1
1881,15,1
878,15,1
544,15,1
1024,15,1
848,15,1
565,15,1
449,15,1
591,15,1
810,15,1
944,15,1
365,15,1
1067,15,1
2135,15,1
2123,15,1
675,15,1
1491,15,1
1185,15,1
1525,15,1
1265,15,1
1465,15,1
1197,15,1
1323,15,1
666,15,1
424,15,1
174,15,1
2379,15,1
2426,15,1
1183,15,1
2274,16,1
998,16,1
2420,16,1
2342,16,1
1788,16,1
456,16,1
934,16,1
1333,16,1
2376,16,1
302,16,1
1101,16,1
2180,16,1
1769,16,1
2301,16,1
2009,16,1
1915,16,1
1216,16,1
2062,16,1
1672,16,1
64,16,1
986,16,1
1989,16,1
610,16,1
1629,16,1
1172,16,1
1376,16,1
342,16,1
2155,16,1
929,16,1
1810,16,1
856,16,1
1695,16,1
1250,16,1
1795,16,1
2090,16,1
2261,16,1
2285,16,1
901,16,1
29,16,1
1800,16,1
1784,16,1
749,16,1
2417,16,1
1932,16,1
1670,16,1
512,16,1
108,16,1
1767,16,1
2324,16,1
142,16,1
1689,16,1
1821,16,1
1105,16,1
1859,16,1
1375,16,1
284,16,1
95,16,1
2332,16,1
2031,16,1
423,16,1
2175,16,1
2341,16,1
539,16,1
2138,16,1
2196,16,1
989,16,1
669,16,1
349,16,1
1324,16,1
1660,16,1
2347,16,1
1685,16,1
237,16,1
1247,16,1
351,16,1
364,16,1
708,16,1
482,16,1
1678,16,1
1622,16,1
2100,16,1
900,16,1
2218,16,1
472,16,1
1804,16,1
301,16,1
1397,16,1
569,16,1
1295,16,1
1000,16,1
110,16,1
1031,16,1
508,16,1
1892,16,1
209,16,1
1960,16,1
1328,16,1
2378,16,1
974,16,1
2356,16,1
1755,16,1
372,16,1
1278,16,1
617,16,1
1883,16,1
840,16,1
1565,16,1
1809,16,1
1166,16,1
1369,16,1
1705,16,1
1440,16,1
554,16,1
1009,16,1
2132,16,1
1775,16,1
447,16,1
612,16,1
834,16,1
291,16,1
2170,16,1
1969,16,1
1075,16,1
1691,16,1
1095,16,1
544,16,1
1766,16,1
1596,16,1
810,16,1
1564,16,1
2091,16,1
1157,16,1
2172,16,1
763,16,1
2010,16,1
1759,16,1
2406,16,1
1033,16,1
1055,16,1
390,16,1
1114,16,1
1323,16,1
1904,16,1
1818,16,1
1515,16,1
199,16,1
1047,16,1
998,17,1
1816,17,1
1359,17,1
751,17,1
1824,17,1
859,17,1
2187,17,1
1285,17,1
2024,17,1
808,17,1
2064,17,1
2060,17,1
794,17,1
512,17,1
1512,17,1
2285,17,1
1352,17,1
1422,17,1
599,17,1
1689,17,1
1144,17,1
1105,17,1
1199,17,1
2357,17,1
43,17,1
203,17,1
291,17,1
427,17,1
1213,17,1
1622,17,1
16,17,1
207,17,1
2175,17,1
1247,17,1
674,17,1
85,17,1
1421,17,1
472,17,1
615,17,1
301,17,1
1716,17,1
1751,17,1
1295,17,1
2166,17,1
1658,17,1
448,17,1
1855,17,1
957,17,1
543,17,1
1526,17,1
939,17,1
2323,17,1
1667,17,1
175,17,1
2230,17,1
1440,17,1
2178,17,1
447,17,1
690,17,1
380,17,1
2054,17,1
245,17,1
2340,17,1
544,17,1
1286,17,1
1865,17,1
239,17,1
369,17,1
397,17,1
693,17,1
1055,17,1
1077,17,1
2379,17,1
914,17,1
1727,17,1
1198,17,1
1160,17,1
1084,18,1
968,18,1
610,18,1
1630,18,1
354,18,1
957,18,1
2173,18,1
1854,18,1
1421,18,1
341,18,1
311,18,1
1732,18,1
1114,18,1
521,19,1
977,19,1
527,19,1
2342,19,1
419,19,1
2011,19,1
10,19,1
843,19,1
454,19,1
555,19,1
777,19,1
625,19,1
667,19,1
803,19,1
1923,19,1
984,19,1
1444,19,1
2214,19,1
654,19,1
2332,19,1
135,19,1
486,19,1
1588,19,1
2384,19,1
904,19,1
2331,19,1
2338,19,1
357,19,1
794,19,1
1406,19,1
2261,19,1
324,19,1
377,19,1
168,19,1
1250,19,1
103,19,1
1003,19,1
1268,19,1
1221,19,1
1379,19,1
2365,19,1
883,19,1
1846,19,1
1653,19,1
2290,19,1
1670,19,1
1117,19,1
2196,19,1
1940,19,1
561,19,1
988,19,1
752,19,1
273,19,1
2417,19,1
1072,19,1
2362,19,1
155,19,1
891,19,1
1284,19,1
76,19,1
47,19,1
203,19,1
398,19,1
127,19,1
776,19,1
1224,19,1
311,19,1
414,19,1
1517,19,1
694,19,1
1804,19,1
888,19,1
2166,19,1
678,19,1
1421,19,1
1504,19,1
2020,19,1
2275,19,1
1851,19,1
2085,19,1
1149,19,1
107,19,1
448,19,1
2140,19,1
508,19,1
1985,19,1
540,19,1
2175,19,1
1076,19,1
601,19,1
516,19,1
1973,19,1
2120,19,1
2376,19,1
1961,19,1
1502,19,1
579,19,1
784,19,1
1460,19,1
936,19,1
1687,19,1
1760,19,1
613,19,1
529,19,1
1412,19,1
1867,19,1
1624,19,1
1136,19,1
1395,19,1
1011,19,1
265,19,1
798,19,1
1655,19,1
1067,19,1
2067,19,1
1592,19,1
1647,19,1
2029,19,1
672,19,1
403,19,1
1835,19,1
1197,19,1
1907,19,1
724,19,1
1515,19,1
63,19,1
2068,19,1
1183,19,1
1297,19,1
92,20,1
1547,20,1
1298,20,1
1439,20,1
362,20,1
2277,20,1
97,20,1
515,20,1
30,20,1
841,20,1
1401,20,1
1071,20,1
2011,20,1
357,20,1
1325,20,1
1545,20,1
454,20,1
54,20,1
1931,20,1
947,20,1
80,20,1
1436,20,1
1842,20,1
1444,20,1
2026,20,1
1799,20,1
2016,20,1
611,20,1
1713,20,1
928,20,1
1398,20,1
1620,20,1
289,20,1
989,20,1
651,20,1
1829,20,1
1451,20,1
155,20,1
929,20,1
411,20,1
127,20,1
186,20,1
1615,20,1
277,20,1
2388,20,1
324,20,1
2377,20,1
908,20,1
377,20,1
2058,20,1
1560,20,1
169,20,1
1960,20,1
800,20,1
2134,20,1
1903,20,1
1342,20,1
196,20,1
653,20,1
2332,20,1
2362,20,1
1576,20,1
1300,20,1
2328,20,1
2417,20,1
1723,20,1
1281,20,1
446,20,1
2181,20,1
920,20,1
410,20,1
4,20,1
280,20,1
1871,20,1
626,20,1
1005,20,1
860,20,1
305,20,1
619,20,1
2290,20,1
712,20,1
39,20,1
785,20,1
1247,20,1
1447,20,1
759,20,1
583,20,1
1632,20,1
1020,20,1
1206,20,1
1367,20,1
85,20,1
2200,20,1
150,20,1
1725,20,1
1985,20,1
96,20,1
2291,20,1
1775,20,1
1073,20,1
540,20,1
2260,20,1
821,20,1
786,20,1
1961,20,1
2166,20,1
505,20,1
508,20,1
1844,20,1
1984,20,1
1681,20,1
1322,20,1
227,20,1
2175,20,1
2109,20,1
1945,20,1
489,20,1
1666,20,1
1288,20,1
765,20,1
1526,20,1
524,20,1
957,20,1
1220,20,1
16,20,1
74,20,1
2230,20,1
815,20,1
880,20,1
1191,20,1
1972,20,1
2145,20,1
1432,20,1
2190,20,1
1460,20,1
504,20,1
2325,20,1
153,20,1
1589,20,1
1426,20,1
1348,20,1
714,20,1
1935,20,1
461,20,1
1080,20,1
1571,20,1
1377,20,1
544,20,1
1881,20,1
2063,20,1
2069,20,1
272,20,1
565,20,1
344,20,1
265,20,1
832,20,1
365,20,1
1143,20,1
1490,20,1
2382,20,1
1525,20,1
1465,20,1
1077,20,1
1323,20,1
1076,20,1
279,20,1
2044,20,1
1183,20,1
1829,21,1
1371,21,1
1913,21,1
917,21,1
1642,21,1
1640,21,1
2221,21,1
2238,21,1
2306,21,1
1006,21,1
1402,21,1
1521,21,1
127,21,1
191,21,1
212,21,1
2153,21,1
59,21,1
213,21,1
1845,21,1
1407,21,1
349,21,1
2376,21,1
1235,21,1
448,21,1
489,21,1
460,21,1
2134,21,1
634,21,1
1637,21,1
1364,21,1
633,21,1
1265,21,1
688,21,1
113,21,1
2131,21,1
184,21,1
1343,22,1
1202,22,1
1306,22,1
434,22,1
1116,22,1
315,22,1
179,22,1
1270,22,1
135,22,1
1915,22,1
264,22,1
824,22,1
2248,22,1
1533,22,1
1398,22,1
1217,22,1
1146,22,1
1844,22,1
1951,22,1
1074,22,1
1429,22,1
2234,22,1
1438,22,1
409,22,1
932,22,1
2155,22,1
2412,22,1
18,22,1
804,22,1
1512,22,1
1430,22,1
1903,22,1
3,22,1
153,22,1
1227,22,1
752,22,1
547,22,1
2348,22,1
352,22,1
945,22,1
2328,22,1
144,22,1
528,22,1
957,22,1
871,22,1
588,22,1
1848,22,1
228,22,1
1431,22,1
2398,22,1
642,22,1
2073,22,1
552,22,1
1632,22,1
1081,22,1
2314,22,1
2076,22,1
1899,22,1
460,22,1
660,22,1
1616,22,1
1024,22,1
1668,22,1
955,22,1
1965,22,1
2166,22,1
2230,22,1
1509,22,1
1557,22,1
1661,22,1
1302,22,1
225,22,1
1470,22,1
2175,22,1
1017,22,1
259,22,1
1971,22,1
801,22,1
2089,22,1
1291,22,1
975,22,1
1735,22,1
1501,22,1
2085,22,1
876,22,1
1977,22,1
913,22,1
914,22,1
1796,22,1
128,22,1
2274,23,1
1015,23,1
458,23,1
1786,23,1
1171,23,1
1511,23,1
1443,23,1
1053,23,1
2106,23,1
1769,23,1
1014,23,1
2143,23,1
1923,23,1
192,23,1
1931,23,1
135,23,1
2335,23,1
87,23,1
589,23,1
1767,23,1
738,23,1
1727,23,1
1955,23,1
2075,23,1
478,23,1
1580,23,1
1142,23,1
4,23,1
1707,23,1
1892,23,1
89,23,1
1081,23,1
1587,23,1
1799,23,1
101,23,1
1342,23,1
2197,23,1
2332,23,1
785,23,1
1144,23,1
1287,23,1
1075,23,1
593,23,1
2361,23,1
76,23,1
1052,23,1
127,23,1
852,23,1
502,23,1
226,23,1
1928,23,1
2258,23,1
2076,23,1
332,23,1
1820,23,1
222,23,1
1008,23,1
957,23,1
1328,23,1
1960,23,1
448,23,1
1755,23,1
2241,23,1
1954,23,1
2368,23,1
802,23,1
1094,23,1
1589,23,1
578,23,1
936,23,1
2178,23,1
175,23,1
252,23,1
544,23,1
418,23,1
1028,23,1
690,23,1
261,23,1
1080,23,1
2253,23,1
1724,23,1
1971,23,1
245,23,1
178,23,1
717,23,1
675,23,1
1068,23,1
2284,23,1
1077,23,1
1693,23,1
65,24,1
1788,24,1
1937,24,1
525,24,1
1934,24,1
670,24,1
1781,24,1
1771,24,1
1015,24,1
888,24,1
741,24,1
2062,24,1
1845,24,1
763,24,1
816,24,1
2352,24,1
1892,24,1
775,24,1
512,24,1
1404,24,1
1088,24,1
1810,24,1
1250,24,1
2035,24,1
901,24,1
142,24,1
1954,24,1
1936,24,1
1872,24,1
2025,24,1
1175,24,1
1053,24,1
1744,24,1
790,24,1
714,24,1
922,24,1
95,24,1
1562,24,1
2287,24,1
1706,24,1
1974,24,1
1393,24,1
1608,24,1
237,24,1
894,24,1
1421,24,1
2407,24,1
939,24,1
1081,24,1
2166,24,1
704,24,1
345,24,1
2241,24,1
1001,24,1
1961,24,1
2031,24,1
465,24,1
1219,24,1
880,24,1
448,24,1
1667,24,1
814,24,1
933,24,1
1589,24,1
1662,24,1
840,24,1
1419,24,1
1148,24,1
1033,24,1
514,24,1
1317,24,1
1766,24,1
1535,24,1
2351,24,1
2293,24,1
1259,24,1
2302,24,1
2284,24,1
1835,24,1
2130,24,1
1114,24,1
707,25,1
1015,25,1
859,25,1
882,25,1
1511,25,1
593,25,1
1824,25,1
1937,25,1
934,25,1
1923,25,1
1225,25,1
187,25,1
1444,25,1
2211,25,1
2082,25,1
637,25,1
1181,25,1
2180,25,1
777,25,1
192,25,1
977,25,1
892,25,1
2065,25,1
2333,25,1
364,25,1
2106,25,1
1515,25,1
2035,25,1
2417,25,1
427,25,1
1422,25,1
1587,25,1
1299,25,1
1892,25,1
2075,25,1
2332,25,1
142,25,1
1165,25,1
2175,25,1
1105,25,1
64,25,1
789,25,1
1784,25,1
1879,25,1
1112,25,1
2003,25,1
2196,25,1
1729,25,1
548,25,1
1431,25,1
127,25,1
2155,25,1
2231,25,1
1300,25,1
2425,25,1
1157,25,1
1483,25,1
721,25,1
573,25,1
540,25,1
939,25,1
903,25,1
165,25,1
543,25,1
107,25,1
57,25,1
2230,25,1
580,25,1
1068,25,1
1775,25,1
1045,25,1
1075,25,1
673,25,1
1265,25,1
2307,25,1
397,25,1
1197,25,1
1748,25,1
2228,25,1
303,26,1
204,26,1
1626,26,1
2162,26,1
1362,26,1
30,26,1
286,26,1
1122,26,1
849,26,1
1467,26,1
1327,26,1
13,26,1
2168,26,1
1853,26,1
2211,26,1
602,26,1
2401,26,1
526,26,1
1713,26,1
1590,26,1
498,26,1
2099,26,1
1820,26,1
494,26,1
1084,26,1
1301,26,1
1854,26,1
1290,26,1
565,26,1
217,26,1
2056,26,1
2327,26,1
1795,26,1
2377,26,1
109,26,1
2088,26,1
809,26,1
1615,26,1
2079,26,1
1872,26,1
710,26,1
243,26,1
587,26,1
1767,26,1
1091,26,1
957,26,1
593,26,1
1534,26,1
1720,26,1
2336,26,1
140,26,1
1582,26,1
561,26,1
534,26,1
2193,26,1
2340,26,1
51,26,1
665,26,1
1512,26,1
1633,26,1
643,26,1
111,26,1
150,26,1
2100,26,1
229,26,1
489,26,1
864,26,1
70,26,1
1421,26,1
2148,26,1
785,26,1
493,26,1
1173,26,1
1339,26,1
189,26,1
569,26,1
578,26,1
2166,26,1
448,26,1
1506,26,1
1960,26,1
1847,26,1
2075,26,1
1874,26,1
2241,26,1
1369,26,1
1252,26,1
2323,26,1
40,26,1
1464,26,1
2295,26,1
732,26,1
713,26,1
2027,26,1
1644,26,1
15,26,1
2382,26,1
334,26,1
1078,26,1
1308,26,1
1457,26,1
2096,26,1
1067,26,1
1355,26,1
1674,26,1
2092,26,1
2350,26,1
1497,26,1
361,26,1
1075,26,1
1935,26,1
2119,26,1
1676,26,1
1130,26,1
845,26,1
1492,26,1
14,26,1
365,26,1
467,26,1
1010,26,1
440,26,1
474,26,1
1570,26,1
894,26,1
536,26,1
745,26,1
1638,26,1
1370,26,1
126,26,1
2131,26,1
1265,26,1
683,26,1
2426,26,1
36,26,1
2114,27,1
977,27,1
774,27,1
1298,27,1
1785,27,1
533,27,1
829,27,1
1658,27,1
2174,27,1
1116,27,1
415,27,1
1223,27,1
1621,27,1
97,27,1
1983,27,1
1380,27,1
1122,27,1
559,27,1
286,27,1
30,27,1
2137,27,1
1554,27,1
1781,27,1
387,27,1
849,27,1
1161,27,1
1084,27,1
879,27,1
1467,27,1
1135,27,1
0,27,1
296,27,1
1256,27,1
1421,27,1
1327,27,1
1267,27,1
2182,27,1
1293,27,1
32,27,1
984,27,1
843,27,1
741,27,1
1593,27,1
1642,27,1
2168,27,1
1433,27,1
2081,27,1
1756,27,1
135,27,1
1659,27,1
477,27,1
1038,27,1
48,27,1
87,27,1
526,27,1
1590,27,1
729,27,1
1398,27,1
2062,27,1
1333,27,1
1640,27,1
53,27,1
884,27,1
498,27,1
275,27,1
981,27,1
892,27,1
1545,27,1
1718,27,1
1845,27,1
986,27,1
35,27,1
812,27,1
2199,27,1
1384,27,1
872,27,1
99,27,1
1082,27,1
1211,27,1
2208,27,1
1914,27,1
755,27,1
1617,27,1
385,27,1
899,27,1
575,27,1
1290,27,1
2047,27,1
333,27,1
957,27,1
1770,27,1
1352,27,1
621,27,1
929,27,1
1102,27,1
794,27,1
566,27,1
808,27,1
2261,27,1
1630,27,1
190,27,1
1376,27,1
2327,27,1
2022,27,1
2058,27,1
326,27,1
176,27,1
969,27,1
1250,27,1
2101,27,1
923,27,1
1795,27,1
2377,27,1
480,27,1
2240,27,1
169,27,1
2284,27,1
1978,27,1
1738,27,1
2088,27,1
337,27,1
1402,27,1
1971,27,1
809,27,1
2015,27,1
462,27,1
2417,27,1
1872,27,1
2155,27,1
1692,27,1
2290,27,1
2328,27,1
642,27,1
1495,27,1
419,27,1
1443,27,1
541,27,1
643,27,1
1777,27,1
1556,27,1
2343,27,1
1303,27,1
2239,27,1
1117,27,1
721,27,1
1689,27,1
2099,27,1
1455,27,1
1394,27,1
125,27,1
820,27,1
1289,27,1
1375,27,1
871,27,1
1287,27,1
1919,27,1
1902,27,1
1342,27,1
1374,27,1
593,27,1
187,27,1
327,27,1
1741,27,1
797,27,1
1558,27,1
2262,27,1
710,27,1
2003,27,1
1408,27,1
2361,27,1
1871,27,1
430,27,1
788,27,1
1602,27,1
1725,27,1
1304,27,1
34,27,1
1582,27,1
1534,27,1
1246,27,1
1076,27,1
997,27,1
37,27,1
806,27,1
140,27,1
1460,27,1
119,27,1
1985,27,1
1898,27,1
2085,27,1
659,27,1
11,27,1
2224,27,1
1410,27,1
1767,27,1
1968,27,1
127,27,1
51,27,1
903,27,1
1636,27,1
203,27,1
343,27,1
64,27,1
1471,27,1
785,27,1
1685,27,1
1608,27,1
1493,27,1
237,27,1
230,27,1
2226,27,1
821,27,1
2172,27,1
1976,27,1
513,27,1
162,27,1
623,27,1
1392,27,1
811,27,1
2347,27,1
404,27,1
1081,27,1
1787,27,1
704,27,1
1970,27,1
1035,27,1
1044,27,1
111,27,1
1424,27,1
990,27,1
150,27,1
2100,27,1
2076,27,1
1616,27,1
229,27,1
1093,27,1
1532,27,1
1869,27,1
864,27,1
2098,27,1
600,27,1
1134,27,1
2218,27,1
448,27,1
372,27,1
1075,27,1
301,27,1
1727,27,1
318,27,1
2312,27,1
1397,27,1
2028,27,1
915,27,1
1053,27,1
488,27,1
388,27,1
405,27,1
2148,27,1
1485,27,1
341,27,1
2267,27,1
548,27,1
2297,27,1
1478,27,1
1049,27,1
493,27,1
1339,27,1
1068,27,1
189,27,1
835,27,1
1365,27,1
569,27,1
967,27,1
1563,27,1
1213,27,1
1651,27,1
1935,27,1
256,27,1
828,27,1
880,27,1
740,27,1
2166,27,1
110,27,1
1418,27,1
227,27,1
1813,27,1
1121,27,1
508,27,1
2002,27,1
1960,27,1
2378,27,1
148,27,1
1042,27,1
2075,27,1
1653,27,1
1646,27,1
1383,27,1
2230,27,1
2241,27,1
1864,27,1
1247,27,1
1369,27,1
1892,27,1
2175,27,1
1252,27,1
2249,27,1
205,27,1
939,27,1
1483,27,1
524,27,1
160,27,1
802,27,1
1577,27,1
244,27,1
772,27,1
757,27,1
730,27,1
406,27,1
1506,27,1
1536,27,1
732,27,1
1023,27,1
2307,27,1
489,27,1
2092,27,1
703,27,1
2027,27,1
2030,27,1
345,27,1
1667,27,1
692,27,1
1257,27,1
73,27,1
1644,27,1
1715,27,1
15,27,1
2382,27,1
152,27,1
278,27,1
2222,27,1
1847,27,1
815,27,1
2120,27,1
2163,27,1
1010,27,1
1078,27,1
2145,27,1
1652,27,1
1288,27,1
1004,27,1
248,27,1
214,27,1
274,27,1
714,27,1
175,27,1
2096,27,1
1457,27,1
98,27,1
1054,27,1
2276,27,1
2184,27,1
2387,27,1
1894,27,1
725,27,1
1567,27,1
1959,27,1
1064,27,1
1355,27,1
334,27,1
287,27,1
2373,27,1
1001,27,1
2326,27,1
2132,27,1
1347,27,1
612,27,1
1045,27,1
2250,27,1
382,27,1
1219,27,1
252,27,1
1198,27,1
1917,27,1
1320,27,1
1520,27,1
727,27,1
1143,27,1
375,27,1
1773,27,1
1637,27,1
1098,27,1
2017,27,1
594,27,1
715,27,1
2302,27,1
2353,27,1
261,27,1
1648,27,1
918,27,1
2295,27,1
1095,27,1
523,27,1
1832,27,1
272,27,1
565,27,1
499,27,1
1184,27,1
517,27,1
845,27,1
1319,27,1
2000,27,1
1943,27,1
14,27,1
365,27,1
2135,27,1
1944,27,1
2116,27,1
506,27,1
379,27,1
1641,27,1
440,27,1
780,27,1
474,27,1
675,27,1
1468,27,1
1056,27,1
1209,27,1
693,27,1
1465,27,1
683,27,1
42,27,1
279,27,1
1796,27,1
914,27,1
2379,27,1
1693,27,1
1818,27,1
122,27,1
1827,27,1
36,27,1
1129,27,1
1458,27,1
533,28,1
2036,28,1
196,28,1
995,28,1
1116,28,1
1769,28,1
2146,28,1
268,28,1
1223,28,1
1053,28,1
567,28,1
1015,28,1
470,28,1
2137,28,1
1346,28,1
2011,28,1
1421,28,1
125,28,1
2335,28,1
774,28,1
2062,28,1
1479,28,1
1692,28,1
1545,28,1
2333,28,1
1553,28,1
1825,28,1
1731,28,1
873,28,1
872,28,1
2099,28,1
677,28,1
2155,28,1
2243,28,1
1329,28,1
671,28,1
915,28,1
991,28,1
324,28,1
794,28,1
2386,28,1
377,28,1
2055,28,1
1471,28,1
2058,28,1
412,28,1
2101,28,1
2037,28,1
1698,28,1
1351,28,1
595,28,1
2134,28,1
714,28,1
1231,28,1
2338,28,1
1216,28,1
1576,28,1
226,28,1
2362,28,1
1156,28,1
1175,28,1
2361,28,1
1164,28,1
1902,28,1
2348,28,1
1106,28,1
1500,28,1
2231,28,1
1999,28,1
1092,28,1
1455,28,1
1949,28,1
1830,28,1
2328,28,1
212,28,1
989,28,1
1196,28,1
408,28,1
1762,28,1
538,28,1
1041,28,1
340,28,1
1059,28,1
2131,28,1
1658,28,1
695,28,1
463,28,1
376,28,1
855,28,1
4,28,1
490,28,1
659,28,1
1300,28,1
1237,28,1
1720,28,1
11,28,1
339,28,1
201,28,1
942,28,1
756,28,1
819,28,1
9,28,1
1787,28,1
85,28,1
227,28,1
1017,28,1
1367,28,1
643,28,1
2128,28,1
1497,28,1
1290,28,1
1892,28,1
1551,28,1
1203,28,1
1365,28,1
2212,28,1
1036,28,1
2297,28,1
316,28,1
448,28,1
708,28,1
2166,28,1
107,28,1
1414,28,1
1557,28,1
1774,28,1
1960,28,1
1984,28,1
2378,28,1
309,28,1
1595,28,1
2241,28,1
1945,28,1
2175,28,1
1971,28,1
543,28,1
939,28,1
145,28,1
1464,28,1
7,28,1
1090,28,1
730,28,1
1444,28,1
1084,28,1
970,28,1
1198,28,1
2190,28,1
2184,28,1
810,28,1
413,28,1
613,28,1
1110,28,1
153,28,1
2269,28,1
851,28,1
899,28,1
2409,28,1
1379,28,1
985,28,1
2253,28,1
1992,28,1
2292,28,1
523,28,1
1124,28,1
372,28,1
272,28,1
2350,28,1
1483,28,1
445,28,1
1067,28,1
845,28,1
574,28,1
1440,28,1
1926,28,1
1767,28,1
2029,28,1
2086,28,1
1820,28,1
2154,28,1
1740,28,1
1077,28,1
1114,28,1
914,28,1
1693,28,1
1796,28,1
1818,28,1
1515,28,1
1338,28,1
1342,29,1
1298,29,1
533,29,1
1116,29,1
1658,29,1
1272,29,1
234,29,1
751,29,1
1634,29,1
1356,29,1
48,29,1
977,29,1
1379,29,1
1784,29,1
2363,29,1
2424,29,1
1371,29,1
981,29,1
729,29,1
1915,29,1
705,29,1
1304,29,1
1289,29,1
1590,29,1
518,29,1
2024,29,1
2169,29,1
1848,29,1
1699,29,1
1444,29,1
932,29,1
763,29,1
2234,29,1
251,29,1
726,29,1
84,29,1
939,29,1
2261,29,1
710,29,1
856,29,1
2272,29,1
804,29,1
2058,29,1
1795,29,1
83,29,1
1430,29,1
2338,29,1
1709,29,1
75,29,1
435,29,1
304,29,1
2355,29,1
1466,29,1
1227,29,1
2294,29,1
357,29,1
1474,29,1
920,29,1
2404,29,1
2053,29,1
446,29,1
1477,29,1
994,29,1
155,29,1
2328,29,1
1772,29,1
528,29,1
957,29,1
1420,29,1
1669,29,1
2025,29,1
593,29,1
2417,29,1
364,29,1
232,29,1
41,29,1
159,29,1
188,29,1
227,29,1
2398,29,1
1354,29,1
711,29,1
2218,29,1
600,29,1
2070,29,1
1894,29,1
1300,29,1
2375,29,1
2186,29,1
921,29,1
1081,29,1
1123,29,1
2382,29,1
460,29,1
1166,29,1
1727,29,1
1499,29,1
1421,29,1
404,29,1
127,29,1
485,29,1
2057,29,1
114,29,1
796,29,1
2147,29,1
2036,29,1
1815,29,1
1587,29,1
1515,29,1
881,29,1
955,29,1
664,29,1
1159,29,1
1422,29,1
1482,29,1
1661,29,1
1278,29,1
1302,29,1
1572,29,1
1844,29,1
256,29,1
225,29,1
244,29,1
1288,29,1
548,29,1
2175,29,1
1790,29,1
2120,29,1
1369,29,1
1094,29,1
1645,29,1
597,29,1
2192,29,1
702,29,1
850,29,1
1705,29,1
826,29,1
2085,29,1
2358,29,1
801,29,1
157,29,1
1143,29,1
499,29,1
949,29,1
1426,29,1
2302,29,1
1505,29,1
245,29,1
1676,29,1
1648,29,1
261,29,1
565,29,1
1564,29,1
731,29,1
266,29,1
1039,29,1
1846,29,1
961,29,1
223,29,1
506,29,1
1703,29,1
1904,29,1
149,29,1
899,29,1
1601,29,1
2273,29,1
1029,29,1
2426,29,1
1298,30,1
2011,30,1
1071,30,1
97,30,1
515,30,1
196,30,1
357,30,1
104,30,1
841,30,1
1292,30,1
2335,30,1
928,30,1
651,30,1
155,30,1
411,30,1
1844,30,1
1281,30,1
324,30,1
1545,30,1
103,30,1
1960,30,1
945,30,1
756,30,1
528,30,1
1447,30,1
1020,30,1
2394,30,1
150,30,1
750,30,1
96,30,1
2291,30,1
1396,30,1
1446,30,1
540,30,1
712,30,1
670,30,1
714,30,1
1972,30,1
1253,30,1
1666,30,1
1990,30,1
1288,30,1
1220,30,1
815,30,1
2209,30,1
1007,30,1
2325,30,1
544,30,1
1068,30,1
565,30,1
432,30,1
365,30,1
2282,30,1
1194,30,1
174,30,1
2345,30,1
1490,30,1
1037,31,1
286,31,1
2420,31,1
527,31,1
30,31,1
1769,31,1
1084,31,1
1467,31,1
1327,31,1
1272,31,1
1171,31,1
670,31,1
1444,31,1
843,31,1
2168,31,1
1642,31,1
1496,31,1
353,31,1
2342,31,1
2174,31,1
1853,31,1
1590,31,1
1009,31,1
729,31,1
1053,31,1
302,31,1
264,31,1
2294,31,1
134,31,1
1211,31,1
1689,31,1
763,31,1
498,31,1
1617,31,1
645,31,1
808,31,1
794,31,1
2058,31,1
2101,31,1
1250,31,1
1580,31,1
109,31,1
1010,31,1
1978,31,1
2088,31,1
462,31,1
1885,31,1
2079,31,1
1872,31,1
541,31,1
1633,31,1
2361,31,1
642,31,1
789,31,1
1091,31,1
1530,31,1
915,31,1
871,31,1
270,31,1
1196,31,1
2,31,1
1563,31,1
593,31,1
427,31,1
1747,31,1
1483,31,1
140,31,1
1460,31,1
1985,31,1
534,31,1
1898,31,1
1677,31,1
2265,31,1
127,31,1
1001,31,1
1075,31,1
307,31,1
741,31,1
162,31,1
388,31,1
111,31,1
2100,31,1
364,31,1
287,31,1
229,31,1
70,31,1
2312,31,1
716,31,1
1421,31,1
341,31,1
1027,31,1
1339,31,1
311,31,1
1668,31,1
1506,31,1
1725,31,1
828,31,1
1813,31,1
957,31,1
1960,31,1
2378,31,1
1324,31,1
1753,31,1
1653,31,1
2091,31,1
282,31,1
1247,31,1
2323,31,1
815,31,1
757,31,1
1199,31,1
1667,31,1
1644,31,1
713,31,1
152,31,1
956,31,1
1249,31,1
274,31,1
418,31,1
1847,31,1
2209,31,1
1457,31,1
1054,31,1
278,31,1
2373,31,1
840,31,1
175,31,1
2350,31,1
2230,31,1
885,31,1
2063,31,1
565,31,1
845,31,1
379,31,1
474,31,1
675,31,1
2070,31,1
693,31,1
2284,31,1
2115,31,1
1114,31,1
279,31,1
55,31,1
724,31,1
542,31,1
1254,31,1
1129,31,1
592,32,1
2334,32,1
1226,32,1
186,32,1
924,32,1
2261,32,1
915,32,1
179,32,1
201,32,1
2340,32,1
1546,32,1
2312,32,1
1358,32,1
458,32,1
2051,32,1
448,32,1
1053,32,1
2166,32,1
1653,32,1
519,32,1
1043,32,1
2140,32,1
771,32,1
944,32,1
130,32,1
1791,32,1
1818,32,1
257,32,1
1304,33,1
1571,33,1
1298,33,1
926,33,1
661,33,1
1621,33,1
1272,33,1
824,33,1
1690,33,1
1082,33,1
1379,33,1
1962,33,1
1786,33,1
729,33,1
2339,33,1
2211,33,1
87,33,1
135,33,1
2335,33,1
903,33,1
705,33,1
452,33,1
2395,33,1
1590,33,1
1398,33,1
2024,33,1
2080,33,1
2418,33,1
1301,33,1
84,33,1
409,33,1
400,33,1
1589,33,1
856,33,1
1157,33,1
333,33,1
794,33,1
2058,33,1
955,33,1
1852,33,1
2202,33,1
125,33,1
153,33,1
357,33,1
348,33,1
2025,33,1
2328,33,1
1541,33,1
1309,33,1
588,33,1
785,33,1
187,33,1
142,33,1
628,33,1
263,33,1
2361,33,1
1958,33,1
600,33,1
2110,33,1
1587,33,1
581,33,1
2375,33,1
1632,33,1
389,33,1
2076,33,1
127,33,1
1212,33,1
2085,33,1
1804,33,1
1591,33,1
2036,33,1
2112,33,1
448,33,1
1668,33,1
2166,33,1
1960,33,1
1661,33,1
2392,33,1
225,33,1
1515,33,1
524,33,1
1954,33,1
865,33,1
1288,33,1
1377,33,1
82,33,1
2246,33,1
1790,33,1
1258,33,1
2120,33,1
1094,33,1
1892,33,1
784,33,1
951,33,1
1867,33,1
1497,33,1
1717,33,1
1846,33,1
285,33,1
544,33,1
474,33,1
1676,33,1
261,33,1
697,33,1
956,33,1
649,33,1
107,33,1
961,33,1
763,33,1
745,33,1
2425,33,1
914,33,1
1694,33,1
1818,33,1
93,33,1
706,34,1
1071,34,1
770,34,1
454,34,1
2303,34,1
1933,34,1
521,34,1
1597,34,1
677,34,1
324,34,1
1909,34,1
377,34,1
1415,34,1
1545,34,1
2037,34,1
433,34,1
2108,34,1
2397,34,1
127,34,1
1830,34,1
558,34,1
1805,34,1
86,34,1
414,34,1
2018,34,1
1424,34,1
1844,34,1
1203,34,1
2089,34,1
1960,34,1
1984,34,1
2095,34,1
1539,34,1
2296,34,1
1897,34,1
1867,34,1
432,34,1
2105,34,1
1944,34,1
1860,34,1
2109,34,1
2400,34,1
2044,34,1
770,35,1
1380,35,1
133,35,1
2220,35,1
92,35,1
1627,35,1
1888,35,1
65,35,1
938,35,1
1849,35,1
521,35,1
2255,35,1
1327,35,1
135,35,1
1498,35,1
236,35,1
187,35,1
641,35,1
412,35,1
1956,35,1
1372,35,1
941,35,1
411,35,1
1089,35,1
794,35,1
25,35,1
915,35,1
1846,35,1
2125,35,1
2395,35,1
2196,35,1
1171,35,1
1821,35,1
219,35,1
201,35,1
2230,35,1
37,35,1
1639,35,1
1607,35,1
791,35,1
127,35,1
172,35,1
39,35,1
1985,35,1
1784,35,1
574,35,1
2171,35,1
2396,35,1
944,35,1
1624,35,1
633,35,1
340,35,1
2065,35,1
2013,35,1
1176,35,1
1114,35,1
724,35,1
914,35,1
1818,35,1
1343,36,1
533,36,1
268,36,1
1224,36,1
434,36,1
1037,36,1
2137,36,1
362,36,1
2188,36,1
1717,36,1
680,36,1
2136,36,1
1356,36,1
4,36,1
824,36,1
1379,36,1
2390,36,1
1916,36,1
1260,36,1
1371,36,1
981,36,1
925,36,1
87,36,1
1270,36,1
94,36,1
1987,36,1
2335,36,1
2370,36,1
611,36,1
1641,36,1
1590,36,1
518,36,1
1586,36,1
1890,36,1
62,36,1
1226,36,1
1533,36,1
2121,36,1
1146,36,1
2243,36,1
1844,36,1
1699,36,1
1444,36,1
1248,36,1
904,36,1
977,36,1
912,36,1
402,36,1
84,36,1
1223,36,1
1479,36,1
794,36,1
621,36,1
1166,36,1
2386,36,1
250,36,1
83,36,1
1430,36,1
901,36,1
1416,36,1
1361,36,1
1893,36,1
1978,36,1
1475,36,1
75,36,1
304,36,1
2355,36,1
1829,36,1
1474,36,1
1387,36,1
752,36,1
1255,36,1
108,36,1
547,36,1
1500,36,1
920,36,1
1770,36,1
1848,36,1
1635,36,1
1949,36,1
2328,36,1
1593,36,1
144,36,1
528,36,1
1497,36,1
1008,36,1
1800,36,1
364,36,1
2042,36,1
263,36,1
188,36,1
389,36,1
428,36,1
227,36,1
642,36,1
1571,36,1
563,36,1
1725,36,1
1467,36,1
1894,36,1
270,36,1
2073,36,1
1939,36,1
2218,36,1
471,36,1
120,36,1
2382,36,1
2346,36,1
1559,36,1
2212,36,1
1529,36,1
658,36,1
114,36,1
2085,36,1
2036,36,1
954,36,1
989,36,1
222,36,1
2402,36,1
1174,36,1
1159,36,1
468,36,1
1275,36,1
1563,36,1
244,36,1
1288,36,1
1215,36,1
437,36,1
1790,36,1
1369,36,1
1959,36,1
1208,36,1
1238,36,1
1028,36,1
2358,36,1
1024,36,1
1403,36,1
245,36,1
1360,36,1
1426,36,1
1084,36,1
1194,36,1
2302,36,1
1039,36,1
1843,36,1
107,36,1
149,36,1
93,36,1
286,37,1
1083,37,1
829,37,1
2174,37,1
1828,37,1
30,37,1
854,37,1
1425,37,1
296,37,1
1161,37,1
1467,37,1
1345,37,1
13,37,1
843,37,1
1853,37,1
2168,37,1
2175,37,1
1444,37,1
716,37,1
208,37,1
186,37,1
2401,37,1
1713,37,1
1590,37,1
1196,37,1
729,37,1
510,37,1
2342,37,1
1549,37,1
1820,37,1
2062,37,1
1413,37,1
892,37,1
1795,37,1
1087,37,1
2094,37,1
2066,37,1
1532,37,1
134,37,1
99,37,1
1211,37,1
1135,37,1
494,37,1
710,37,1
714,37,1
645,37,1
565,37,1
1585,37,1
960,37,1
2056,37,1
18,37,1
923,37,1
2377,37,1
109,37,1
480,37,1
1084,37,1
571,37,1
1410,37,1
2088,37,1
1363,37,1
740,37,1
1615,37,1
425,37,1
2383,37,1
1872,37,1
2155,37,1
1053,37,1
2252,37,1
1443,37,1
509,37,1
243,37,1
587,37,1
2328,37,1
541,37,1
1975,37,1
1767,37,1
1806,37,1
1689,37,1
341,37,1
2371,37,1
145,37,1
1448,37,1
1679,37,1
593,37,1
2348,37,1
643,37,1
5,37,1
55,37,1
1587,37,1
997,37,1
627,37,1
1558,37,1
140,37,1
561,37,1
532,37,1
1236,37,1
857,37,1
534,37,1
2193,37,1
957,37,1
127,37,1
430,37,1
2176,37,1
2186,37,1
1982,37,1
701,37,1
1397,37,1
388,37,1
1963,37,1
2159,37,1
920,37,1
111,37,1
2100,37,1
229,37,1
600,37,1
658,37,1
1946,37,1
1751,37,1
1212,37,1
1867,37,1
258,37,1
301,37,1
2257,37,1
213,37,1
1706,37,1
131,37,1
1173,37,1
493,37,1
1068,37,1
1247,37,1
569,37,1
967,37,1
2166,37,1
110,37,1
2354,37,1
1912,37,1
2266,37,1
508,37,1
1324,37,1
1653,37,1
1971,37,1
1383,37,1
1506,37,1
895,37,1
1278,37,1
1725,37,1
2323,37,1
730,37,1
815,37,1
287,37,1
448,37,1
1403,37,1
768,37,1
1667,37,1
1644,37,1
2074,37,1
1542,37,1
1078,37,1
432,37,1
248,37,1
896,37,1
2209,37,1
1457,37,1
875,37,1
224,37,1
1959,37,1
1355,37,1
1528,37,1
612,37,1
20,37,1
1045,37,1
1721,37,1
1935,37,1
1486,37,1
274,37,1
1219,37,1
978,37,1
2071,37,1
1320,37,1
719,37,1
375,37,1
1773,37,1
2103,37,1
2017,37,1
547,37,1
1520,37,1
949,37,1
1001,37,1
885,37,1
918,37,1
2063,37,1
1075,37,1
845,37,1
1665,37,1
1535,37,1
1492,37,1
399,37,1
1483,37,1
266,37,1
1280,37,1
2119,37,1
467,37,1
317,37,1
861,37,1
259,37,1
2388,37,1
1010,37,1
440,37,1
474,37,1
2102,37,1
675,37,1
1671,37,1
2382,37,1
1176,37,1
1884,37,1
233,37,1
1239,37,1
1077,37,1
199,37,1
1319,37,1
550,37,1
914,37,1
1631,37,1
526,38,1
1816,38,1
102,38,1
706,38,1
1853,38,1
455,38,1
1391,38,1
2243,38,1
1333,38,1
1164,38,1
694,38,1
1598,38,1
872,38,1
1932,38,1
84,38,1
2261,38,1
2058,38,1
1580,38,1
901,38,1
2236,38,1
267,38,1
1772,38,1
226,38,1
1342,38,1
1144,38,1
1750,38,1
482,38,1
16,38,1
715,38,1
85,38,1
2100,38,1
835,38,1
1716,38,1
1203,38,1
1421,38,1
1751,38,1
2002,38,1
1093,38,1
939,38,1
1464,38,1
1867,38,1
1075,38,1
1649,38,1
1868,38,1
514,38,1
252,38,1
461,38,1
596,38,1
1077,38,1
390,38,1
1114,38,1
1400,38,1
335,39,1
1545,39,1
533,39,1
836,39,1
1513,39,1
829,39,1
2174,39,1
30,39,1
271,39,1
60,39,1
353,39,1
854,39,1
81,39,1
296,39,1
2011,39,1
849,39,1
102,39,1
1272,39,1
1769,39,1
843,39,1
2168,39,1
1707,39,1
1496,39,1
2165,39,1
2103,39,1
2401,39,1
1590,39,1
1196,39,1
729,39,1
179,39,1
1226,39,1
999,39,1
2342,39,1
2062,39,1
302,39,1
1989,39,1
2199,39,1
1010,39,1
2094,39,1
1966,39,1
1820,39,1
276,39,1
2208,39,1
1617,39,1
1900,39,1
575,39,1
812,39,1
621,39,1
929,39,1
808,39,1
2223,39,1
960,39,1
2022,39,1
1936,39,1
794,39,1
1795,39,1
2386,39,1
203,39,1
109,39,1
2377,39,1
933,39,1
480,39,1
1168,39,1
25,39,1
2088,39,1
112,39,1
2015,39,1
1615,39,1
2419,39,1
1872,39,1
714,39,1
243,39,1
477,39,1
642,39,1
957,39,1
1117,39,1
1957,39,1
2197,39,1
941,39,1
1394,39,1
1815,39,1
2328,39,1
427,39,1
1059,39,1
64,39,1
1340,39,1
1534,39,1
140,39,1
127,39,1
2176,39,1
1792,39,1
487,39,1
1637,39,1
118,39,1
76,39,1
513,39,1
2263,39,1
1079,39,1
704,39,1
532,39,1
111,39,1
920,39,1
750,39,1
1946,39,1
1549,39,1
1869,39,1
281,39,1
311,39,1
570,39,1
1397,39,1
1421,39,1
1075,39,1
1706,39,1
1478,39,1
785,39,1
258,39,1
569,39,1
1328,39,1
448,39,1
596,39,1
692,39,1
1213,39,1
1506,39,1
1561,39,1
1960,39,1
1067,39,1
1653,39,1
1084,39,1
282,39,1
2175,39,1
815,39,1
1990,39,1
757,39,1
795,39,1
600,39,1
1288,39,1
909,39,1
2023,39,1
1667,39,1
1644,39,1
1715,39,1
499,39,1
15,39,1
2027,39,1
1589,39,1
1676,39,1
396,39,1
1460,39,1
274,39,1
827,39,1
1457,39,1
2000,39,1
1528,39,1
287,39,1
7,39,1
1064,39,1
2266,39,1
1045,39,1
175,39,1
1063,39,1
1550,39,1
1520,39,1
1867,39,1
1098,39,1
1773,39,1
547,39,1
489,39,1
1056,39,1
885,39,1
272,39,1
565,39,1
474,39,1
896,39,1
449,39,1
845,39,1
2119,39,1
1074,39,1
1671,39,1
440,39,1
1336,39,1
536,39,1
149,39,1
2102,39,1
1721,39,1
259,39,1
2307,39,1
1638,39,1
322,39,1
1093,39,1
1209,39,1
1465,39,1
914,39,1
55,39,1
2379,39,1
1619,39,1
2167,39,1
533,40,1
26,40,1
92,40,1
1962,40,1
824,40,1
653,40,1
1260,40,1
947,40,1
2335,40,1
1590,40,1
983,40,1
75,40,1
84,40,1
939,40,1
2272,40,1
804,40,1
1819,40,1
2386,40,1
1271,40,1
348,40,1
2404,40,1
357,40,1
364,40,1
528,40,1
2417,40,1
141,40,1
1686,40,1
563,40,1
711,40,1
1188,40,1
1695,40,1
2375,40,1
1975,40,1
2124,40,1
85,40,1
1447,40,1
522,40,1
1610,40,1
1295,40,1
1529,40,1
132,40,1
2166,40,1
1159,40,1
959,40,1
1572,40,1
876,40,1
1548,40,1
805,40,1
1288,40,1
2216,40,1
1578,40,1
2085,40,1
499,40,1
551,40,1
1403,40,1
1291,40,1
2389,40,1
792,40,1
731,40,1
1846,40,1
1977,40,1
1844,40,1
914,40,1
1331,40,1
1439,41,1
533,41,1
196,41,1
268,41,1
567,41,1
2011,41,1
1421,41,1
1444,41,1
1672,41,1
774,41,1
1223,41,1
1692,41,1
2333,41,1
873,41,1
2313,41,1
872,41,1
1471,41,1
1329,41,1
915,41,1
794,41,1
2058,41,1
412,41,1
1698,41,1
1351,41,1
595,41,1
714,41,1
2338,41,1
226,41,1
1902,41,1
1106,41,1
1092,41,1
1949,41,1
1830,41,1
989,41,1
1196,41,1
1762,41,1
1171,41,1
1041,41,1
463,41,1
855,41,1
659,41,1
1237,41,1
339,41,1
756,41,1
127,41,1
819,41,1
1945,41,1
85,41,1
942,41,1
1688,41,1
1551,41,1
1036,41,1
2166,41,1
1606,41,1
107,41,1
1984,41,1
2175,41,1
1971,41,1
939,41,1
1892,41,1
1090,41,1
1084,41,1
1649,41,1
1867,41,1
484,41,1
1483,41,1
1507,41,1
845,41,1
574,41,1
1767,41,1
2086,41,1
838,41,1
914,41,1
335,42,1
1545,42,1
1298,42,1
1785,42,1
1163,42,1
477,42,1
1513,42,1
1611,42,1
415,42,1
1138,42,1
1079,42,1
97,42,1
762,42,1
2174,42,1
30,42,1
854,42,1
286,42,1
1116,42,1
1554,42,1
407,42,1
1380,42,1
1781,42,1
1122,42,1
670,42,1
1161,42,1
454,42,1
2416,42,1
755,42,1
43,42,1
968,42,1
1293,42,1
32,42,1
984,42,1
843,42,1
1892,42,1
728,42,1
2168,42,1
135,42,1
2254,42,1
475,42,1
292,42,1
87,42,1
729,42,1
1590,42,1
1620,42,1
1267,42,1
2062,42,1
1313,42,1
768,42,1
2405,42,1
264,42,1
1413,42,1
302,42,1
2199,42,1
192,42,1
1223,42,1
1211,42,1
1857,42,1
1532,42,1
35,42,1
2210,42,1
2418,42,1
2025,42,1
1617,42,1
2118,42,1
1145,42,1
357,42,1
783,42,1
176,42,1
1352,42,1
621,42,1
929,42,1
794,42,1
2261,42,1
2058,42,1
1376,42,1
2327,42,1
1919,42,1
969,42,1
2101,42,1
1250,42,1
1795,42,1
2377,42,1
109,42,1
480,42,1
1010,42,1
1692,42,1
1512,42,1
2240,42,1
25,42,1
1978,42,1
1968,42,1
1615,42,1
462,42,1
2355,42,1
1872,42,1
906,42,1
710,42,1
642,42,1
1443,42,1
639,42,1
1712,42,1
541,42,1
1117,42,1
2421,42,1
820,42,1
1290,42,1
2,42,1
1287,42,1
1679,42,1
1289,42,1
1342,42,1
1374,42,1
593,42,1
2230,42,1
327,42,1
1213,42,1
2131,42,1
2247,42,1
1059,42,1
1304,42,1
1871,42,1
2361,42,1
1546,42,1
797,42,1
1375,42,1
1180,42,1
1720,42,1
1725,42,1
1534,42,1
165,42,1
1718,42,1
997,42,1
140,42,1
1460,42,1
1985,42,1
659,42,1
1476,42,1
11,42,1
2224,42,1
127,42,1
51,42,1
2110,42,1
343,42,1
1685,42,1
237,42,1
463,42,1
741,42,1
821,42,1
811,42,1
1084,42,1
600,42,1
704,42,1
1970,42,1
1035,42,1
150,42,1
111,42,1
1854,42,1
2076,42,1
1154,42,1
2128,42,1
1946,42,1
229,42,1
1563,42,1
835,42,1
2218,42,1
1587,42,1
522,42,1
301,42,1
318,42,1
2097,42,1
570,42,1
1421,42,1
915,42,1
2212,42,1
1541,42,1
388,42,1
1716,42,1
721,42,1
2148,42,1
785,42,1
1706,42,1
2297,42,1
1049,42,1
493,42,1
1485,42,1
1815,42,1
311,42,1
1068,42,1
189,42,1
569,42,1
573,42,1
967,42,1
448,42,1
874,42,1
110,42,1
1418,42,1
2239,42,1
939,42,1
596,42,1
1646,42,1
120,42,1
1960,42,1
1042,42,1
2257,42,1
1324,42,1
1571,42,1
1653,42,1
746,42,1
1383,42,1
2241,42,1
903,42,1
895,42,1
2175,42,1
1252,42,1
205,42,1
1493,42,1
2323,42,1
1914,42,1
772,42,1
1464,42,1
815,42,1
287,42,1
757,42,1
1813,42,1
1478,42,1
492,42,1
1506,42,1
732,42,1
1033,42,1
2055,42,1
1045,42,1
345,42,1
636,42,1
1257,42,1
67,42,1
1644,42,1
547,42,1
970,42,1
2388,42,1
278,42,1
2209,42,1
1075,42,1
1094,42,1
2074,42,1
2163,42,1
2027,42,1
1917,42,1
1078,42,1
1761,42,1
1589,42,1
1652,42,1
1001,42,1
214,42,1
1847,42,1
1457,42,1
2150,42,1
2000,42,1
2276,42,1
725,42,1
1567,42,1
1355,42,1
334,42,1
2373,42,1
2326,42,1
1347,42,1
2366,42,1
1969,42,1
175,42,1
2250,42,1
714,42,1
1198,42,1
274,42,1
2045,42,1
1320,42,1
727,42,1
2253,42,1
1773,42,1
1098,42,1
2017,42,1
1832,42,1
98,42,1
1941,42,1
261,42,1
885,42,1
918,42,1
2102,42,1
565,42,1
517,42,1
536,42,1
845,42,1
1319,42,1
2087,42,1
1943,42,1
1219,42,1
2135,42,1
1944,42,1
1191,42,1
2116,42,1
244,42,1
1064,42,1
379,42,1
489,42,1
440,42,1
780,42,1
474,42,1
1648,42,1
675,42,1
2208,42,1
1176,42,1
2154,42,1
55,42,1
805,42,1
1239,42,1
1209,42,1
1465,42,1
693,42,1
148,42,1
42,42,1
1796,42,1
914,42,1
1193,42,1
550,42,1
1619,42,1
199,42,1
1693,42,1
1818,42,1
2426,42,1
122,42,1
1631,42,1
542,42,1
1254,42,1
1996,42,1
1458,42,1
1895,42,1
2379,42,1
774,43,1
2011,43,1
1545,43,1
1421,43,1
1598,43,1
1913,43,1
235,43,1
97,43,1
515,43,1
1530,43,1
30,43,1
1223,43,1
1071,43,1
2416,43,1
1746,43,1
357,43,1
454,43,1
2175,43,1
1442,43,1
841,43,1
729,43,1
1471,43,1
1444,43,1
1779,43,1
2335,43,1
583,43,1
2113,43,1
753,43,1
2062,43,1
756,43,1
2321,43,1
959,43,1
1131,43,1
812,43,1
929,43,1
1964,43,1
1084,43,1
1299,43,1
1172,43,1
186,43,1
456,43,1
582,43,1
991,43,1
1281,43,1
2388,43,1
324,43,1
2024,43,1
2377,43,1
1909,43,1
908,43,1
1141,43,1
377,43,1
1388,43,1
2058,43,1
89,43,1
1930,43,1
800,43,1
155,43,1
1342,43,1
299,43,1
1337,43,1
455,43,1
2365,43,1
226,43,1
2332,43,1
2319,43,1
2191,43,1
1105,43,1
143,43,1
159,43,1
2014,43,1
2223,43,1
887,43,1
888,43,1
4,43,1
364,43,1
1893,43,1
2362,43,1
2138,43,1
120,43,1
2123,43,1
2073,43,1
997,43,1
962,43,1
1005,43,1
2290,43,1
785,43,1
2176,43,1
1854,43,1
852,43,1
1632,43,1
2226,43,1
1861,43,1
1206,43,1
1008,43,1
1367,43,1
150,43,1
2364,43,1
39,43,1
1985,43,1
1019,43,1
96,43,1
229,43,1
1551,43,1
1215,43,1
2235,43,1
540,43,1
1940,43,1
2267,43,1
316,43,1
786,43,1
714,43,1
1149,43,1
861,43,1
2036,43,1
508,43,1
1908,43,1
2043,43,1
1960,43,1
2046,43,1
757,43,1
1408,43,1
1844,43,1
1288,43,1
765,43,1
1526,43,1
524,43,1
1220,43,1
16,43,1
699,43,1
982,43,1
944,43,1
579,43,1
1001,43,1
1257,43,1
842,43,1
2325,43,1
1446,43,1
193,43,1
1589,43,1
554,43,1
1317,43,1
1645,43,1
1935,43,1
380,43,1
2382,43,1
147,43,1
544,43,1
1881,43,1
272,43,1
565,43,1
1395,43,1
591,43,1
810,43,1
265,43,1
365,43,1
1637,43,1
1867,43,1
2135,43,1
1265,43,1
255,43,1
1197,43,1
1323,43,1
1648,43,1
666,43,1
174,43,1
1796,43,1
1183,43,1
353,44,1
509,44,1
741,44,1
2377,44,1
1692,44,1
2338,44,1
1582,44,1
127,44,1
489,44,1
1081,44,1
388,44,1
1044,44,1
1751,44,1
1068,44,1
569,44,1
1506,44,1
573,44,1
828,44,1
967,44,1
732,44,1
2074,44,1
274,44,1
2000,44,1
278,44,1
287,44,1
1198,44,1
1832,44,1
1483,44,1
317,44,1
440,44,1
474,44,1
288,44,1
536,44,1
745,44,1
279,44,1
609,44,1
338,44,1
1343,45,1
977,45,1
533,45,1
1697,45,1
1116,45,1
1272,45,1
1634,45,1
1093,45,1
1784,45,1
2424,45,1
640,45,1
2363,45,1
904,45,1
646,45,1
303,45,1
2084,45,1
264,45,1
452,45,1
1304,45,1
2169,45,1
1289,45,1
1590,45,1
2024,45,1
1885,45,1
1378,45,1
1248,45,1
1074,45,1
1901,45,1
2162,45,1
84,45,1
319,45,1
932,45,1
1819,45,1
1589,45,1
1430,45,1
710,45,1
2412,45,1
18,45,1
2272,45,1
412,45,1
2227,45,1
2364,45,1
2058,45,1
1709,45,1
1545,45,1
804,45,1
1893,45,1
1475,45,1
852,45,1
75,45,1
1271,45,1
512,45,1
1938,45,1
348,45,1
752,45,1
808,45,1
1500,45,1
1586,45,1
357,45,1
638,45,1
498,45,1
1848,45,1
2289,45,1
528,45,1
912,45,1
1958,45,1
593,45,1
364,45,1
232,45,1
41,45,1
1686,45,1
1354,45,1
711,45,1
1375,45,1
1725,45,1
2070,45,1
270,45,1
1300,45,1
2073,45,1
2122,45,1
1022,45,1
2375,45,1
203,45,1
2186,45,1
921,45,1
805,45,1
1081,45,1
3,45,1
717,45,1
1166,45,1
2346,45,1
785,45,1
2275,45,1
690,45,1
2212,45,1
958,45,1
2147,45,1
617,45,1
1587,45,1
1399,45,1
1703,45,1
2166,45,1
1278,45,1
1563,45,1
1251,45,1
1844,45,1
1548,45,1
1403,45,1
1288,45,1
1377,45,1
2175,45,1
2216,45,1
1790,45,1
1894,45,1
784,45,1
396,45,1
597,45,1
1208,45,1
850,45,1
1567,45,1
1153,45,1
1735,45,1
1505,45,1
1136,45,1
565,45,1
2253,45,1
266,45,1
1480,45,1
2085,45,1
1724,45,1
1843,45,1
914,45,1
2130,45,1
1796,45,1
1197,45,1
1552,45,1
92,46,1
1777,46,1
920,46,1
1769,46,1
1771,46,1
1741,46,1
2342,46,1
1639,46,1
2009,46,1
1225,46,1
187,46,1
637,46,1
2339,46,1
2376,46,1
555,46,1
1093,46,1
264,46,1
1515,46,1
2126,46,1
2397,46,1
537,46,1
1155,46,1
2085,46,1
447,46,1
1133,46,1
1866,46,1
2280,46,1
2249,46,1
203,46,1
1966,46,1
691,46,1
47,46,1
554,46,1
598,46,1
540,46,1
939,46,1
1755,46,1
420,46,1
418,46,1
2091,46,1
2257,46,1
1136,46,1
1318,46,1
1507,46,1
2161,46,1
536,46,1
1730,46,1
1775,46,1
1197,46,1
257,46,1
977,47,1
6,48,1
882,48,1
1824,48,1
1325,48,1
1923,48,1
1771,48,1
187,48,1
1444,48,1
1985,48,1
1181,48,1
192,48,1
1421,48,1
2065,48,1
2106,48,1
143,48,1
2035,48,1
2151,48,1
1508,48,1
1084,48,1
686,48,1
1966,48,1
2236,48,1
242,48,1
1165,48,1
357,48,1
593,48,1
64,48,1
1837,48,1
2003,48,1
2085,48,1
438,48,1
1834,48,1
599,48,1
707,48,1
127,48,1
2155,48,1
2425,48,1
1154,48,1
643,48,1
723,48,1
1591,48,1
540,48,1
689,48,1
920,48,1
252,48,1
2184,48,1
1075,48,1
1028,48,1
239,48,1
245,48,1
2307,48,1
2346,48,1
297,48,1
2228,48,1
1952,48,1
1125,48,1
926,49,1
167,49,1
2271,49,1
1650,49,1
1398,49,1
164,49,1
1342,49,1
446,49,1
1727,49,1
631,49,1
1877,49,1
1844,49,1
448,49,1
2254,50,1
1538,50,1
1783,50,1
2393,50,1
2146,50,1
2264,50,1
135,50,1
1523,50,1
2335,50,1
2378,50,1
2317,50,1
1263,50,1
677,50,1
1844,50,1
299,50,1
1376,50,1
377,50,1
1326,50,1
1416,50,1
2365,50,1
2185,50,1
1545,50,1
2362,50,1
201,50,1
2073,50,1
127,50,1
146,50,1
1279,50,1
629,50,1
1493,50,1
2315,50,1
1737,50,1
468,50,1
2212,50,1
2166,50,1
1993,50,1
79,50,1
982,50,1
2015,50,1
2000,50,1
579,50,1
851,50,1
1994,50,1
1182,50,1
1405,50,1
1645,50,1
2085,50,1
300,50,1
2086,50,1
675,50,1
2107,50,1
1169,50,1
1359,51,1
2349,51,1
2146,51,1
2187,51,1
1566,51,1
1726,51,1
23,51,1
1305,51,1
1352,51,1
203,51,1
85,51,1
2323,51,1
1727,51,1
1191,51,1
1286,51,1
445,51,1
369,51,1
279,51,1
629,52,1
2393,52,1
1901,52,1
2335,52,1
124,52,1
1778,52,1
870,52,1
1808,52,1
168,52,1
2125,52,1
352,52,1
714,52,1
1196,52,1
1787,52,1
982,52,1
1279,52,1
437,52,1
1737,52,1
1993,52,1
2212,52,1
2166,52,1
1002,52,1
2085,52,1
1244,52,1
79,52,1
1739,52,1
2000,52,1
581,52,1
579,52,1
547,52,1
2077,52,1
1405,52,1
1911,52,1
851,52,1
1257,52,1
754,52,1
1645,52,1
300,52,1
1017,52,1
998,53,1
1421,53,1
1568,53,1
934,53,1
1788,53,1
1425,53,1
2182,53,1
611,53,1
1311,53,1
2416,53,1
302,53,1
1692,53,1
2009,53,1
1915,53,1
986,53,1
610,53,1
816,53,1
1819,53,1
342,53,1
1810,53,1
1250,53,1
1166,53,1
901,53,1
29,53,1
1216,53,1
1872,53,1
2324,53,1
1689,53,1
2132,53,1
1974,53,1
1303,53,1
1821,53,1
1105,53,1
593,53,1
1859,53,1
43,53,1
979,53,1
2031,53,1
2175,53,1
539,53,1
11,53,1
669,53,1
1207,53,1
1608,53,1
364,53,1
2100,53,1
1001,53,1
746,53,1
569,53,1
1397,53,1
1000,53,1
690,53,1
448,53,1
2378,53,1
974,53,1
2090,53,1
372,53,1
465,53,1
1031,53,1
237,53,1
1809,53,1
345,53,1
1583,53,1
554,53,1
1691,53,1
447,53,1
514,53,1
291,53,1
1095,53,1
544,53,1
1033,53,1
2091,53,1
1157,53,1
2052,53,1
1148,53,1
1926,53,1
1856,53,1
1114,53,1
199,53,1
1160,53,1
1769,54,1
1786,54,1
187,54,1
81,54,1
1515,54,1
1532,54,1
2024,54,1
1133,54,1
2249,54,1
1966,54,1
1066,54,1
580,54,1
1053,54,1
1755,54,1
578,54,1
2178,54,1
418,54,1
259,54,1
2257,54,1
591,54,1
1507,54,1
2161,54,1
536,54,1
1197,54,1
1844,55,1
226,55,1
1643,55,1
245,55,1
1117,56,1
610,56,1
353,56,1
357,56,1
111,56,1
1000,56,1
977,57,1
1342,57,1
926,57,1
1082,57,1
1589,57,1
955,57,1
1255,57,1
675,57,1
1686,57,1
1021,57,1
1447,57,1
2076,57,1
460,57,1
1668,57,1
266,57,1
1661,57,1
1587,57,1
524,57,1
2175,57,1
1971,57,1
1379,57,1
1427,57,1
1846,57,1
1710,57,1
2085,57,1
1515,57,1
706,58,1
1092,58,1
1084,58,1
1032,58,1
696,58,1
1325,58,1
1962,58,1
1948,58,1
306,58,1
1797,58,1
667,58,1
1498,58,1
2217,58,1
187,58,1
412,58,1
512,58,1
64,58,1
1082,58,1
320,58,1
1089,58,1
794,58,1
2261,58,1
1305,58,1
2317,58,1
2338,58,1
1587,58,1
198,58,1
1074,58,1
1892,58,1
446,58,1
1736,58,1
1105,58,1
1366,58,1
2328,58,1
2131,58,1
1678,58,1
1192,58,1
1294,58,1
714,58,1
1792,58,1
463,58,1
1447,58,1
201,58,1
76,58,1
1607,58,1
1801,58,1
1367,58,1
791,58,1
127,58,1
1632,58,1
1017,58,1
1206,58,1
1195,58,1
2381,58,1
1737,58,1
1460,58,1
1784,58,1
2212,58,1
2312,58,1
662,58,1
1053,58,1
107,58,1
1090,58,1
955,58,1
1606,58,1
1960,58,1
1093,58,1
1594,58,1
1984,58,1
1189,58,1
1844,58,1
939,58,1
2120,58,1
1540,58,1
581,58,1
970,58,1
1439,58,1
2000,58,1
1258,58,1
2145,58,1
2278,58,1
153,58,1
1624,58,1
1377,58,1
285,58,1
1674,58,1
2350,58,1
1067,58,1
2273,58,1
2013,58,1
2029,58,1
156,58,1
2154,58,1
1740,58,1
805,58,1
2044,58,1
1818,58,1
341,58,1
2084,59,1
1084,59,1
2146,59,1
825,59,1
1682,59,1
1211,59,1
1853,59,1
1345,59,1
135,59,1
729,59,1
526,59,1
1728,59,1
302,59,1
981,59,1
1082,59,1
2215,59,1
217,59,1
2355,59,1
1268,59,1
1037,59,1
576,59,1
2362,59,1
82,59,1
341,59,1
915,59,1
2357,59,1
182,59,1
1322,59,1
75,59,1
16,59,1
165,59,1
254,59,1
1978,59,1
1300,59,1
619,59,1
1075,59,1
618,59,1
528,59,1
27,59,1
855,59,1
990,59,1
658,59,1
1869,59,1
206,59,1
1929,59,1
1421,59,1
735,59,1
732,59,1
2297,59,1
813,59,1
70,59,1
1668,59,1
573,59,1
311,59,1
2241,59,1
1383,59,1
448,59,1
1424,59,1
2103,59,1
957,59,1
138,59,1
1199,59,1
1673,59,1
61,59,1
989,59,1
744,59,1
827,59,1
1649,59,1
1578,59,1
1426,59,1
2159,59,1
547,59,1
572,59,1
2360,59,1
980,59,1
2387,59,1
1045,59,1
961,59,1
384,59,1
489,59,1
36,59,1
335,60,1
2011,60,1
415,60,1
1138,60,1
1040,60,1
66,60,1
270,60,1
1621,60,1
97,60,1
1824,60,1
1116,60,1
1554,60,1
407,60,1
88,60,1
387,60,1
843,60,1
116,60,1
1467,60,1
1767,60,1
1256,60,1
434,60,1
2168,60,1
1511,60,1
1304,60,1
602,60,1
2342,60,1
2180,60,1
2227,60,1
714,60,1
963,60,1
2062,60,1
729,60,1
957,60,1
1438,60,1
53,60,1
302,60,1
2310,60,1
2294,60,1
477,60,1
1763,60,1
1515,60,1
342,60,1
585,60,1
1211,60,1
2066,60,1
1229,60,1
662,60,1
872,60,1
45,60,1
710,60,1
2118,60,1
759,60,1
454,60,1
1003,60,1
356,60,1
1142,60,1
1135,60,1
1605,60,1
131,60,1
333,60,1
1361,60,1
1580,60,1
216,60,1
217,60,1
2238,60,1
541,60,1
929,60,1
324,60,1
2386,60,1
1919,60,1
2327,60,1
1795,60,1
282,60,1
1250,60,1
2101,60,1
2055,60,1
1563,60,1
2034,60,1
1521,60,1
1609,60,1
480,60,1
1084,60,1
1784,60,1
94,60,1
1305,60,1
2243,60,1
1968,60,1
740,60,1
2340,60,1
1918,60,1
383,60,1
462,60,1
2343,60,1
1872,60,1
2075,60,1
587,60,1
2239,60,1
226,60,1
301,60,1
1236,60,1
1105,60,1
1800,60,1
1622,60,1
1421,60,1
427,60,1
340,60,1
330,60,1
1893,60,1
1385,60,1
2094,60,1
594,60,1
1249,60,1
271,61,1
2158,61,1
1053,61,1
809,61,1
818,61,1
62,61,1
1082,61,1
800,61,1
247,61,1
337,61,1
631,61,1
2133,61,1
1976,61,1
269,61,1
864,61,1
2297,61,1
2061,61,1
1109,61,1
648,61,1
1004,61,1
914,61,1
1952,61,1
184,61,1
707,62,1
173,62,1
1050,62,1
567,62,1
2246,62,1
1642,62,1
2221,62,1
695,62,1
2306,62,1
1006,62,1
1521,62,1
191,62,1
2153,62,1
417,62,1
1471,62,1
1222,62,1
1235,62,1
1870,62,1
59,62,1
1878,62,1
489,62,1
1583,62,1
1377,62,1
1894,62,1
2000,62,1
2131,62,1
590,63,1
357,63,1
381,63,1
65,63,1
1285,63,1
1442,63,1
2417,63,1
1263,63,1
454,63,1
1412,63,1
324,63,1
2240,63,1
1335,63,1
377,63,1
1284,63,1
785,63,1
1660,63,1
227,63,1
2140,63,1
2085,63,1
2020,63,1
1959,63,1
1264,63,1
310,63,1
1961,63,1
1291,63,1
851,63,1
174,63,1
2172,63,1
1878,63,1
805,63,1
2009,64,1
1225,64,1
1532,64,1
1949,64,1
639,64,1
357,64,1
1821,64,1
1707,64,1
537,64,1
187,64,1
988,64,1
389,64,1
721,64,1
766,64,1
1755,64,1
1954,64,1
920,64,1
1279,64,1
420,64,1
2422,64,1
834,64,1
2091,64,1
1033,64,1
591,64,1
266,64,1
1009,64,1
536,64,1
1780,65,1
235,65,1
92,65,1
1515,65,1
1617,65,1
402,65,1
215,65,1
2113,65,1
376,65,1
553,65,1
1956,65,1
1671,65,1
1628,65,1
381,65,1
2256,65,1
1388,65,1
794,65,1
801,65,1
2072,65,1
1658,65,1
127,65,1
1303,65,1
1455,65,1
1487,65,1
2057,65,1
701,65,1
50,65,1
1157,65,1
631,65,1
423,65,1
2124,65,1
510,65,1
1,65,1
1985,65,1
1844,65,1
2212,65,1
1493,65,1
2048,65,1
1924,65,1
1021,65,1
1587,65,1
910,65,1
1242,65,1
970,65,1
335,66,1
204,66,1
526,66,1
2011,66,1
1568,66,1
833,66,1
1079,66,1
97,66,1
1380,66,1
30,66,1
1071,66,1
1781,66,1
1122,66,1
2318,66,1
1467,66,1
164,66,1
1272,66,1
2333,66,1
843,66,1
1767,66,1
1756,66,1
475,66,1
602,66,1
2342,66,1
1659,66,1
2180,66,1
714,66,1
963,66,1
729,66,1
510,66,1
264,66,1
53,66,1
1211,66,1
872,66,1
509,66,1
2118,66,1
710,66,1
400,66,1
1142,66,1
924,66,1
565,66,1
1010,66,1
929,66,1
794,66,1
2290,66,1
2058,66,1
425,66,1
960,66,1
2327,66,1
1854,66,1
1919,66,1
1795,66,1
1695,66,1
1250,66,1
1084,66,1
2386,66,1
2125,66,1
2377,66,1
1058,66,1
480,66,1
1512,66,1
25,66,1
2383,66,1
1471,66,1
1075,66,1
915,66,1
283,66,1
1747,66,1
1960,66,1
1646,66,1
1775,66,1
1791,66,1
650,66,1
2249,67,1
2290,67,1
739,67,1
1116,67,1
1626,67,1
707,67,1
2113,67,1
1720,67,1
1084,67,1
1500,67,1
1152,67,1
2115,67,1
807,67,1
341,67,1
1725,67,1
270,67,1
773,67,1
395,67,1
107,67,1
1543,67,1
1177,67,1
221,67,1
1671,67,1
92,68,1
1230,68,1
1298,68,1
1413,68,1
1050,68,1
774,68,1
2011,68,1
1046,68,1
204,68,1
996,68,1
97,68,1
352,68,1
30,68,1
2217,68,1
525,68,1
357,68,1
81,68,1
1071,68,1
1445,68,1
667,68,1
104,68,1
1442,68,1
841,68,1
952,68,1
1444,68,1
2026,68,1
2335,68,1
371,68,1
1893,68,1
1713,68,1
211,68,1
1957,68,1
1274,68,1
2378,68,1
929,68,1
1964,68,1
400,68,1
714,68,1
186,68,1
1637,68,1
1404,68,1
1281,68,1
324,68,1
960,68,1
1909,68,1
908,68,1
377,68,1
2058,68,1
1960,68,1
800,68,1
1337,68,1
455,68,1
1671,68,1
2014,68,1
2328,68,1
2395,68,1
34,68,1
639,68,1
2357,68,1
319,68,1
385,68,1
769,68,1
283,68,1
2371,68,1
1821,68,1
120,68,1
860,68,1
619,68,1
1421,68,1
2290,68,1
39,68,1
1247,68,1
1447,68,1
2175,68,1
1598,68,1
583,68,1
1020,68,1
2394,68,1
1206,68,1
1367,68,1
85,68,1
150,68,1
1985,68,1
96,68,1
2291,68,1
1085,68,1
1928,68,1
586,68,1
1033,68,1
786,68,1
1961,68,1
2166,68,1
828,68,1
2036,68,1
258,68,1
1844,68,1
1984,68,1
1666,68,1
1990,68,1
2230,68,1
524,68,1
957,68,1
1220,68,1
1377,68,1
484,68,1
911,68,1
579,68,1
1432,68,1
1460,68,1
1589,68,1
1043,68,1
1935,68,1
1687,68,1
1571,68,1
2382,68,1
544,68,1
272,68,1
565,68,1
591,68,1
265,68,1
1182,68,1
1448,68,1
365,68,1
2013,68,1
2070,68,1
1197,68,1
2379,68,1
666,68,1
1076,68,1
1700,68,1
1169,68,1
1511,69,1
1380,69,1
593,69,1
1824,69,1
1161,69,1
1822,69,1
2158,69,1
187,69,1
59,69,1
2211,69,1
1053,69,1
2082,69,1
566,69,1
192,69,1
892,69,1
2099,69,1
1422,69,1
2075,69,1
2219,69,1
1672,69,1
2231,69,1
1105,69,1
1784,69,1
1879,69,1
817,69,1
2085,69,1
427,69,1
438,69,1
2003,69,1
2196,69,1
127,69,1
2203,69,1
2155,69,1
203,69,1
1154,69,1
85,69,1
1063,69,1
1591,69,1
1727,69,1
1716,69,1
721,69,1
573,69,1
311,69,1
939,69,1
227,69,1
580,69,1
736,69,1
1867,69,1
1068,69,1
2172,69,1
1687,69,1
252,69,1
1074,69,1
1265,69,1
221,69,1
147,69,1
666,69,1
1844,70,1
1724,70,1
1037,71,1
1298,71,1
1545,71,1
1230,71,1
774,71,1
1046,71,1
1421,71,1
2225,71,1
204,71,1
362,71,1
882,71,1
996,71,1
235,71,1
211,71,1
66,71,1
97,71,1
1530,71,1
30,71,1
2113,71,1
2011,71,1
271,71,1
357,71,1
1071,71,1
946,71,1
2175,71,1
1442,71,1
1471,71,1
1436,71,1
1842,71,1
1187,71,1
1650,71,1
2335,71,1
1799,71,1
521,71,1
753,71,1
1398,71,1
1628,71,1
289,71,1
989,71,1
2039,71,1
799,71,1
510,71,1
651,71,1
1957,71,1
1105,71,1
1597,71,1
812,71,1
929,71,1
1084,71,1
1283,71,1
605,71,1
411,71,1
400,71,1
1172,71,1
186,71,1
1637,71,1
582,71,1
324,71,1
2035,71,1
960,71,1
1909,71,1
1141,71,1
377,71,1
103,71,1
2058,71,1
794,71,1
1743,71,1
1698,71,1
1167,71,1
1449,71,1
1930,71,1
800,71,1
1779,71,1
2281,71,1
1231,71,1
367,71,1
945,71,1
155,71,1
1342,71,1
1894,71,1
1337,71,1
638,71,1
599,71,1
2365,71,1
1671,71,1
143,71,1
1422,71,1
446,71,1
196,71,1
906,71,1
2332,71,1
1892,71,1
2191,71,1
120,71,1
1767,71,1
2328,71,1
1800,71,1
350,71,1
319,71,1
2057,71,1
920,71,1
4,71,1
1871,71,1
1821,71,1
1893,71,1
660,71,1
626,71,1
119,71,1
962,71,1
1005,71,1
562,71,1
785,71,1
2176,71,1
1247,71,1
2251,71,1
1854,71,1
1147,71,1
583,71,1
1632,71,1
1020,71,1
2003,71,1
2223,71,1
2226,71,1
2394,71,1
1206,71,1
748,71,1
1367,71,1
1862,71,1
2411,71,1
226,71,1
150,71,1
39,71,1
1985,71,1
817,71,1
2198,71,1
1725,71,1
1636,71,1
96,71,1
1085,71,1
258,71,1
1598,71,1
915,71,1
1446,71,1
712,71,1
821,71,1
1033,71,1
2267,71,1
1840,71,1
889,71,1
1072,71,1
786,71,1
2085,71,1
505,71,1
2166,71,1
714,71,1
1149,71,1
2036,71,1
1960,71,1
1844,71,1
1227,71,1
2046,71,1
757,71,1
1408,71,1
601,71,1
256,71,1
1666,71,1
1288,71,1
489,71,1
957,71,1
466,71,1
1220,71,1
2291,71,1
1191,71,1
175,71,1
1210,71,1
1403,71,1
1257,71,1
842,71,1
1460,71,1
2325,71,1
2358,71,1
193,71,1
1908,71,1
1791,71,1
1589,71,1
554,71,1
161,71,1
1426,71,1
1935,71,1
461,71,1
1687,71,1
1377,71,1
1360,71,1
1273,71,1
2041,71,1
2183,71,1
1881,71,1
2063,71,1
544,71,1
565,71,1
1592,71,1
591,71,1
1068,71,1
344,71,1
832,71,1
365,71,1
2029,71,1
1867,71,1
1194,71,1
574,71,1
1491,71,1
2164,71,1
2008,71,1
1700,71,1
1265,71,1
1197,71,1
1323,71,1
174,71,1
279,71,1
977,72,1
1015,72,1
1298,72,1
1785,72,1
926,72,1
2011,72,1
1611,72,1
1637,72,1
829,72,1
1083,72,1
415,72,1
362,72,1
204,72,1
1223,72,1
1138,72,1
833,72,1
97,72,1
1108,72,1
739,72,1
854,72,1
286,72,1
30,72,1
1554,72,1
407,72,1
477,72,1
81,72,1
1781,72,1
1122,72,1
2318,72,1
1120,72,1
849,72,1
454,72,1
220,72,1
1828,72,1
13,72,1
2333,72,1
1841,72,1
1293,72,1
1511,72,1
1345,72,1
32,72,1
2168,72,1
1444,72,1
1099,72,1
1767,72,1
2144,72,1
1496,72,1
1756,72,1
837,72,1
1433,72,1
2081,72,1
1854,72,1
1642,72,1
825,72,1
602,72,1
2401,72,1
48,72,1
292,72,1
1038,72,1
1145,72,1
1713,72,1
1590,72,1
2180,72,1
963,72,1
1267,72,1
729,72,1
276,72,1
1226,72,1
1313,72,1
999,72,1
2062,72,1
2342,72,1
1640,72,1
53,72,1
498,72,1
1301,72,1
981,72,1
302,72,1
892,72,1
1845,72,1
1211,72,1
35,72,1
275,72,1
1384,72,1
1738,72,1
494,72,1
1914,72,1
2118,72,1
400,72,1
385,72,1
783,72,1
575,72,1
924,72,1
1290,72,1
645,72,1
112,72,1
217,72,1
621,72,1
929,72,1
794,72,1
324,72,1
808,72,1
960,72,1
2056,72,1
216,72,1
190,72,1
1376,72,1
2327,72,1
2022,72,1
2058,72,1
969,72,1
1250,72,1
2386,72,1
923,72,1
1795,72,1
2377,72,1
109,72,1
1058,72,1
856,72,1
809,72,1
1978,72,1
1363,72,1
1550,72,1
2088,72,1
2079,72,1
1876,72,1
462,72,1
425,72,1
2383,72,1
364,72,1
1872,72,1
1512,72,1
1692,72,1
2290,72,1
1893,72,1
642,72,1
2328,72,1
357,72,1
419,72,1
906,72,1
1556,72,1
987,72,1
541,72,1
1770,72,1
1303,72,1
1128,72,1
2343,72,1
1777,72,1
1453,72,1
1689,72,1
2099,72,1
2361,72,1
1289,72,1
1105,72,1
212,72,1
1772,72,1
2357,72,1
1287,72,1
1919,72,1
1679,72,1
487,72,1
1342,72,1
1196,72,1
593,72,1
663,72,1
187,72,1
327,72,1
1741,72,1
1833,72,1
2262,72,1
710,72,1
1674,72,1
958,72,1
341,72,1
1031,72,1
386,72,1
509,72,1
1871,72,1
1558,72,1
1686,72,1
1546,72,1
797,72,1
1157,72,1
1437,72,1
1534,72,1
165,72,1
1246,72,1
1076,72,1
1718,72,1
561,72,1
627,72,1
1720,72,1
714,72,1
140,72,1
34,72,1
1375,72,1
1985,72,1
534,72,1
2085,72,1
1677,72,1
659,72,1
476,72,1
1476,72,1
11,72,1
1005,72,1
2224,72,1
1062,72,1
1410,72,1
1633,72,1
505,72,1
127,72,1
1093,72,1
349,72,1
1207,72,1
2375,72,1
618,72,1
789,72,1
1968,72,1
203,72,1
1829,72,1
1685,72,1
1982,72,1
270,72,1
85,72,1
237,72,1
1020,72,1
1282,72,1
1385,72,1
741,72,1
2226,72,1
811,72,1
874,72,1
2347,72,1
716,72,1
343,72,1
194,72,1
404,72,1
1236,72,1
1970,72,1
1541,72,1
1079,72,1
150,72,1
990,72,1
1787,72,1
111,72,1
1616,72,1
920,72,1
1134,72,1
2097,72,1
2218,72,1
1392,72,1
1946,72,1
1869,72,1
2233,72,1
1587,72,1
522,72,1
301,72,1
1397,72,1
2100,72,1
915,72,1
1784,72,1
1421,72,1
388,72,1
1365,72,1
2148,72,1
548,72,1
2212,72,1
1485,72,1
2267,72,1
1049,72,1
493,72,1
986,72,1
785,72,1
254,72,1
1339,72,1
1815,72,1
311,72,1
1068,72,1
569,72,1
835,72,1
721,72,1
1146,72,1
2028,72,1
1706,72,1
51,72,1
740,72,1
2380,72,1
578,72,1
1892,72,1
1651,72,1
828,72,1
2373,72,1
967,72,1
2166,72,1
540,72,1
110,72,1
2354,72,1
1418,72,1
1414,72,1
1912,72,1
877,72,1
1813,72,1
596,72,1
1121,72,1
1213,72,1
508,72,1
1561,72,1
448,72,1
22,72,1
2002,72,1
939,72,1
1960,72,1
1612,72,1
2378,72,1
1874,72,1
1042,72,1
600,72,1
2075,72,1
1482,72,1
1653,72,1
1577,72,1
2241,72,1
1971,72,1
1383,72,1
516,72,1
1864,72,1
955,72,1
895,72,1
1252,72,1
690,72,1
1990,72,1
1247,72,1
1279,72,1
1084,72,1
1081,72,1
2323,72,1
802,72,1
1563,72,1
244,72,1
772,72,1
1464,72,1
757,72,1
730,72,1
1478,72,1
406,72,1
192,72,1
1506,72,1
768,72,1
214,72,1
177,72,1
1536,72,1
1887,72,1
957,72,1
137,72,1
1355,72,1
2030,72,1
345,72,1
692,72,1
1257,72,1
1644,72,1
1053,72,1
815,72,1
2120,72,1
2074,72,1
2163,72,1
1917,72,1
1589,72,1
2172,72,1
1652,72,1
989,72,1
1036,72,1
978,72,1
1950,72,1
1966,72,1
1715,72,1
1460,72,1
2222,72,1
130,72,1
1513,72,1
1308,72,1
1847,72,1
2382,72,1
175,72,1
1457,72,1
418,72,1
875,72,1
554,72,1
2276,72,1
725,72,1
278,72,1
1803,72,1
780,72,1
1646,72,1
287,72,1
1532,72,1
1280,72,1
2091,72,1
442,72,1
2326,72,1
2250,72,1
535,72,1
1064,72,1
612,72,1
1220,72,1
1045,72,1
382,72,1
964,72,1
245,72,1
274,72,1
1219,72,1
447,72,1
230,72,1
617,72,1
1823,72,1
2253,72,1
2344,72,1
281,72,1
1648,72,1
1773,72,1
1098,72,1
2017,72,1
547,72,1
1497,72,1
361,72,1
1570,72,1
1001,72,1
1972,72,1
248,72,1
1361,72,1
1095,72,1
523,72,1
2340,72,1
2280,72,1
544,72,1
1075,72,1
565,72,1
896,72,1
499,72,1
1184,72,1
1925,72,1
517,72,1
2096,72,1
845,72,1
394,72,1
445,72,1
2045,72,1
2425,72,1
1492,72,1
2087,72,1
14,72,1
365,72,1
1947,72,1
1944,72,1
1010,72,1
195,72,1
2116,72,1
1379,72,1
1725,72,1
317,72,1
1671,72,1
379,72,1
489,72,1
1060,72,1
1641,72,1
440,72,1
474,72,1
2208,72,1
2102,72,1
1201,72,1
1428,72,1
1638,72,1
1319,72,1
2406,72,1
138,72,1
1176,72,1
1884,72,1
1542,72,1
55,72,1
233,72,1
1850,72,1
693,72,1
1323,72,1
148,72,1
1265,72,1
2379,72,1
862,72,1
1796,72,1
1193,72,1
914,72,1
199,72,1
1818,72,1
2426,72,1
1198,72,1
2167,72,1
1996,72,1
1458,72,1
1304,73,1
977,73,1
1163,73,1
1931,73,1
653,73,1
1590,73,1
1844,73,1
1951,73,1
2058,73,1
804,73,1
914,73,1
1474,73,1
2003,73,1
427,73,1
1686,73,1
1869,73,1
1275,73,1
1965,73,1
2166,73,1
1481,73,1
1302,73,1
1548,73,1
1288,73,1
435,73,1
2073,73,1
2360,73,1
2085,73,1
1653,73,1
1403,73,1
949,73,1
474,73,1
259,73,1
792,73,1
876,73,1
107,73,1
303,73,1
1744,73,1
1515,73,1
913,73,1
36,73,1
93,73,1
1074,74,1
696,74,1
1598,74,1
2011,74,1
1131,74,1
2181,74,1
135,74,1
610,74,1
194,74,1
422,74,1
1314,74,1
923,74,1
1695,74,1
186,74,1
1092,74,1
1949,74,1
927,74,1
263,74,1
785,74,1
920,74,1
2423,74,1
2196,74,1
711,74,1
449,74,1
1075,74,1
1946,74,1
1000,74,1
448,74,1
2036,74,1
704,74,1
2283,74,1
1448,74,1
2266,74,1
544,74,1
151,74,1
2373,74,1
858,74,1
536,74,1
1952,74,1
1111,75,1
1781,75,1
1053,75,1
1511,75,1
135,75,1
477,75,1
1334,75,1
1783,75,1
1333,75,1
589,75,1
2160,75,1
1989,75,1
1438,75,1
1363,75,1
1876,75,1
1466,75,1
876,75,1
64,75,1
1304,75,1
1706,75,1
1200,75,1
1755,75,1
448,75,1
974,75,1
1565,75,1
554,75,1
2250,75,1
2170,75,1
418,75,1
245,75,1
2366,75,1
1146,75,1
2253,75,1
1570,75,1
878,75,1
749,75,1
1589,75,1
2172,75,1
1926,75,1
223,75,1
369,75,1
233,75,1
196,75,1
737,75,1
1047,75,1
977,76,1
1116,76,1
1387,76,1
1629,76,1
2211,76,1
1844,76,1
2310,76,1
2162,76,1
804,76,1
1475,76,1
2219,76,1
4,76,1
752,76,1
141,76,1
552,76,1
471,76,1
1616,76,1
2166,76,1
1544,76,1
185,76,1
2233,76,1
648,76,1
1867,76,1
230,76,1
1084,76,1
792,76,1
303,76,1
2137,77,1
1696,77,1
1942,77,1
1495,77,1
137,77,1
378,77,1
6,78,1
882,78,1
1421,78,1
1824,78,1
1161,78,1
2158,78,1
1444,78,1
2211,78,1
1985,78,1
2082,78,1
637,78,1
1181,78,1
2180,78,1
777,78,1
963,78,1
1245,78,1
2065,78,1
2333,78,1
904,78,1
2099,78,1
2035,78,1
2151,78,1
1084,78,1
1074,78,1
945,78,1
142,78,1
376,78,1
1303,78,1
2175,78,1
357,78,1
340,78,1
1243,79,1
2343,79,1
1515,79,1
1014,79,1
1538,79,1
212,79,1
544,79,1
180,79,1
904,79,1
65,79,1
2227,79,1
2058,79,1
710,79,1
1305,79,1
2365,79,1
1156,79,1
1541,79,1
2348,79,1
589,79,1
347,79,1
2328,79,1
2362,79,1
155,79,1
201,79,1
1787,79,1
787,79,1
105,79,1
448,79,1
1494,79,1
413,79,1
951,79,1
153,79,1
1498,79,1
445,79,1
1370,79,1
848,79,1
2107,79,1
805,79,1
257,79,1
2337,79,1
1304,80,1
977,80,1
1916,80,1
1621,80,1
526,80,1
66,80,1
1137,80,1
456,80,1
92,80,1
937,80,1
315,80,1
824,80,1
264,80,1
1099,80,1
611,80,1
1590,80,1
2024,80,1
2169,80,1
983,80,1
1378,80,1
2342,80,1
825,80,1
2234,80,1
1283,80,1
1072,80,1
2139,80,1
1479,80,1
1589,80,1
804,80,1
1512,80,1
1819,80,1
2386,80,1
1430,80,1
1545,80,1
1893,80,1
2184,80,1
310,80,1
1271,80,1
512,80,1
125,80,1
547,80,1
808,80,1
1474,80,1
2053,80,1
1848,80,1
528,80,1
411,80,1
1309,80,1
95,80,1
2003,80,1
1800,80,1
1587,80,1
1164,80,1
1188,80,1
1431,80,1
563,80,1
1354,80,1
2218,80,1
954,80,1
166,80,1
855,80,1
552,80,1
798,80,1
581,80,1
1508,80,1
2375,80,1
325,80,1
835,80,1
1447,80,1
197,80,1
2382,80,1
1499,80,1
1275,80,1
1295,80,1
1804,80,1
1591,80,1
1998,80,1
114,80,1
1473,80,1
1815,80,1
708,80,1
256,80,1
222,80,1
2166,80,1
1031,80,1
1509,80,1
1981,80,1
1557,80,1
58,80,1
1572,80,1
1844,80,1
1579,80,1
1954,80,1
1583,80,1
1288,80,1
192,80,1
781,80,1
2175,80,1
1811,80,1
839,80,1
2120,80,1
1575,80,1
1369,80,1
2360,80,1
2205,80,1
2135,80,1
1153,80,1
801,80,1
1653,80,1
499,80,1
2346,80,1
822,80,1
1505,80,1
2161,80,1
245,80,1
2253,80,1
1480,80,1
2085,80,1
107,80,1
223,80,1
1077,80,1
1601,80,1
914,80,1
641,81,1
977,81,1
533,81,1
751,81,1
26,81,1
836,81,1
92,81,1
824,81,1
965,81,1
937,81,1
2370,81,1
2385,81,1
452,81,1
1304,81,1
2169,81,1
1074,81,1
932,81,1
1703,81,1
1851,81,1
84,81,1
2155,81,1
1545,81,1
1166,81,1
412,81,1
804,81,1
794,81,1
1709,81,1
901,81,1
1271,81,1
304,81,1
357,81,1
1013,81,1
156,81,1
1848,81,1
1284,81,1
1706,81,1
41,81,1
1107,81,1
4,81,1
1354,81,1
1725,81,1
1677,81,1
270,81,1
2073,81,1
855,81,1
307,81,1
2085,81,1
409,81,1
1661,81,1
1302,81,1
2175,81,1
1647,81,1
1208,81,1
1843,81,1
1497,81,1
157,81,1
865,81,1
1080,81,1
1426,81,1
2389,81,1
792,81,1
178,81,1
2253,81,1
1759,81,1
1029,81,1
1904,81,1
1515,81,1
1818,81,1
128,81,1
2342,82,1
1630,82,1
957,82,1
494,82,1
341,82,1
507,82,1
1084,82,1
1421,82,1
311,82,1
135,83,1
1116,84,1
2158,84,1
935,84,1
2365,84,1
1229,84,1
1082,84,1
809,84,1
1053,84,1
1976,84,1
1389,84,1
330,84,1
269,84,1
863,84,1
864,84,1
2061,84,1
835,84,1
1109,84,1
1291,84,1
1920,84,1
1543,84,1
1060,84,1
1891,84,1
914,84,1
335,85,1
340,85,1
1621,85,1
934,85,1
984,85,1
407,85,1
1511,85,1
1573,85,1
1797,85,1
1893,85,1
741,85,1
892,85,1
1594,85,1
1889,85,1
35,85,1
929,85,1
783,85,1
621,85,1
1825,85,1
2355,85,1
2424,85,1
38,85,1
1995,85,1
108,85,1
212,85,1
1858,85,1
1784,85,1
19,85,1
1747,85,1
1519,85,1
1689,85,1
2266,85,1
626,85,1
237,85,1
1622,85,1
269,85,1
1392,85,1
746,85,1
301,85,1
586,85,1
1792,85,1
664,85,1
393,85,1
1892,85,1
1422,85,1
690,85,1
1493,85,1
1215,85,1
2344,85,1
2296,85,1
2123,85,1
1571,85,1
2194,85,1
2091,85,1
1068,85,1
1033,85,1
1700,85,1
1971,85,1
1221,85,1
1039,85,1
252,85,1
2010,85,1
1564,85,1
977,86,1
700,86,1
83,86,1
1587,86,1
491,87,1
1223,87,1
1084,87,1
1471,87,1
1293,87,1
794,87,1
1479,87,1
1031,87,1
2204,87,1
1321,87,1
700,87,1
1763,87,1
1731,87,1
2344,87,1
603,87,1
2361,87,1
438,87,1
437,87,1
2159,87,1
2411,87,1
1961,87,1
1725,87,1
1774,87,1
1954,87,1
214,87,1
2190,87,1
867,87,1
834,87,1
985,87,1
372,87,1
1674,87,1
2413,87,1
1255,88,1
696,88,1
1696,88,1
610,88,1
947,88,1
1776,88,1
2060,88,1
1314,88,1
2101,88,1
1695,88,1
1170,88,1
2361,88,1
2196,88,1
260,88,1
263,88,1
2423,88,1
132,88,1
1070,88,1
2036,88,1
1899,88,1
704,88,1
2344,88,1
1464,88,1
2260,88,1
2409,88,1
152,88,1
858,88,1
55,88,1
1952,88,1
92,89,1
1547,89,1
1413,89,1
1071,89,1
1913,89,1
97,89,1
235,89,1
2217,89,1
1746,89,1
357,89,1
1381,89,1
1842,89,1
841,89,1
211,89,1
651,89,1
1829,89,1
812,89,1
186,89,1
324,89,1
1281,89,1
908,89,1
1960,89,1
155,89,1
1817,89,1
2196,89,1
2243,89,1
1800,89,1
785,89,1
280,89,1
119,89,1
852,89,1
2212,89,1
1636,89,1
1844,89,1
1666,89,1
957,89,1
699,89,1
1191,89,1
2350,89,1
1426,89,1
943,89,1
461,89,1
544,89,1
265,89,1
522,89,1
832,89,1
365,89,1
2013,89,1
1490,89,1
2382,89,1
1525,89,1
1185,89,1
1077,89,1
1323,89,1
914,89,1
279,89,1
2044,89,1
862,89,1
407,90,1
1900,90,1
1511,90,1
1829,90,1
1558,90,1
1105,90,1
349,90,1
2165,91,1
729,91,1
227,91,1
495,91,1
459,91,1
2220,91,1
1112,91,1
965,91,1
2261,91,1
38,91,1
630,91,1
201,91,1
1084,91,1
1971,91,1
2375,91,1
2218,91,1
2159,91,1
586,91,1
1090,91,1
175,91,1
295,91,1
1950,91,1
69,91,1
1077,91,1
8,91,1
629,92,1
2393,92,1
2011,92,1
124,92,1
1778,92,1
1382,92,1
1993,92,1
2185,92,1
2314,92,1
127,92,1
146,92,1
468,92,1
1985,92,1
1792,92,1
1538,92,1
2166,92,1
1002,92,1
2085,92,1
1244,92,1
1687,92,1
1473,92,1
1739,92,1
1787,92,1
547,92,1
2000,92,1
581,92,1
579,92,1
1257,92,1
2077,92,1
1182,92,1
1405,92,1
1911,92,1
754,92,1
1645,92,1
300,92,1
538,92,1
1844,93,1
419,93,1
680,93,1
920,93,1
2248,93,1
1014,93,1
2220,93,1
4,93,1
376,93,1
91,93,1
2039,93,1
929,93,1
582,93,1
180,93,1
2134,93,1
1454,93,1
2072,93,1
1658,93,1
142,93,1
77,93,1
307,93,1
1112,93,1
2057,93,1
1196,93,1
428,93,1
661,93,1
155,93,1
1146,94,1
1955,94,1
1359,94,1
2339,94,1
81,94,1
1279,94,1
856,94,1
283,94,1
1775,94,1
2215,94,1
1576,94,1
1879,94,1
426,94,1
254,94,1
1375,94,1
674,94,1
1079,94,1
2395,94,1
2218,94,1
341,94,1
1073,94,1
1768,94,1
1897,94,1
827,94,1
1190,94,1
1527,94,1
440,94,1
1618,94,1
1781,95,1
1146,95,1
1359,95,1
443,95,1
135,95,1
963,95,1
2227,95,1
2261,95,1
81,95,1
2215,95,1
1879,95,1
1787,95,1
1668,95,1
254,95,1
78,95,1
1897,95,1
1775,95,1
1768,95,1
440,95,1
629,96,1
2011,96,1
2335,96,1
124,96,1
1787,96,1
146,96,1
2397,96,1
2073,96,1
127,96,1
203,96,1
2181,96,1
1792,96,1
468,96,1
982,96,1
2212,96,1
1538,96,1
2085,96,1
1017,96,1
2000,96,1
579,96,1
1205,96,1
1053,96,1
1257,96,1
607,96,1
1911,96,1
851,96,1
300,96,1
675,96,1
2086,96,1
1744,96,1
1209,96,1
2149,96,1
1169,96,1
774,97,1
829,97,1
2174,97,1
1626,97,1
415,97,1
1554,97,1
66,97,1
1621,97,1
97,97,1
1421,97,1
60,97,1
286,97,1
1380,97,1
234,97,1
1781,97,1
1122,97,1
1788,97,1
328,97,1
1467,97,1
509,97,1
2168,97,1
208,97,1
602,97,1
2401,97,1
1892,97,1
87,97,1
825,97,1
1196,97,1
729,97,1
1333,97,1
2342,97,1
637,97,1
2062,97,1
53,97,1
498,97,1
892,97,1
2294,97,1
1532,97,1
1211,97,1
1448,97,1
1738,97,1
13,97,1
2418,97,1
2047,97,1
2066,97,1
1585,97,1
84,97,1
1319,97,1
1493,97,1
929,97,1
1102,97,1
794,97,1
2024,97,1
1150,97,1
2056,97,1
986,97,1
2327,97,1
2022,97,1
2058,97,1
2272,97,1
1919,97,1
698,97,1
969,97,1
2101,97,1
1250,97,1
2386,97,1
930,97,1
1795,97,1
2377,97,1
480,97,1
25,97,1
462,97,1
1692,97,1
1872,97,1
541,97,1
906,97,1
977,97,1
1075,97,1
2328,97,1
642,97,1
589,97,1
920,97,1
2361,97,1
2343,97,1
2197,97,1
695,97,1
2099,97,1
341,97,1
2332,97,1
1394,97,1
593,97,1
427,97,1
797,97,1
1871,97,1
957,97,1
1558,97,1
447,97,1
2028,97,1
1534,97,1
37,97,1
140,97,1
1460,97,1
2085,97,1
1005,97,1
127,97,1
1685,97,1
1452,97,1
1608,97,1
1424,97,1
1935,97,1
741,97,1
821,97,1
301,97,1
162,97,1
623,97,1
839,97,1
404,97,1
704,97,1
1970,97,1
388,97,1
1035,97,1
150,97,1
2076,97,1
229,97,1
2100,97,1
2078,97,1
1019,97,1
2247,97,1
1946,97,1
1563,97,1
311,97,1
714,97,1
1867,97,1
2407,97,1
1053,97,1
318,97,1
1397,97,1
1084,97,1
488,97,1
721,97,1
1485,97,1
1093,97,1
1049,97,1
493,97,1
600,97,1
1339,97,1
1068,97,1
835,97,1
569,97,1
578,97,1
573,97,1
828,97,1
1414,97,1
1121,97,1
1213,97,1
508,97,1
1960,97,1
2378,97,1
1653,97,1
1383,97,1
1864,97,1
955,97,1
895,97,1
2175,97,1
448,97,1
1725,97,1
1081,97,1
1483,97,1
282,97,1
2323,97,1
1220,97,1
802,97,1
489,97,1
244,97,1
1813,97,1
1959,97,1
730,97,1
406,97,1
460,97,1
970,97,1
1506,97,1
345,97,1
1667,97,1
1644,97,1
499,97,1
1812,97,1
1278,97,1
1045,97,1
2046,97,1
554,97,1
815,97,1
713,97,1
2074,97,1
2163,97,1
136,97,1
1078,97,1
2145,97,1
259,97,1
1589,97,1
1023,97,1
1010,97,1
177,97,1
1760,97,1
189,97,1
2092,97,1
2276,97,1
1847,97,1
175,97,1
1457,97,1
544,97,1
2000,97,1
2184,97,1
1357,97,1
1567,97,1
1528,97,1
850,97,1
2091,97,1
278,97,1
1646,97,1
1803,97,1
2132,97,1
442,97,1
382,97,1
266,97,1
2233,97,1
1252,97,1
572,97,1
274,97,1
551,97,1
1320,97,1
617,97,1
2054,97,1
2253,97,1
1924,97,1
1773,97,1
380,97,1
1190,97,1
2017,97,1
597,97,1
1966,97,1
361,97,1
547,97,1
214,97,1
978,97,1
725,97,1
2302,97,1
511,97,1
1001,97,1
1200,97,1
2353,97,1
261,97,1
1056,97,1
885,97,1
40,97,1
1715,97,1
2119,97,1
329,97,1
565,97,1
1130,97,1
2096,97,1
845,97,1
1887,97,1
2237,97,1
2382,97,1
14,97,1
5,97,1
1476,97,1
1947,97,1
1280,97,1
336,97,1
46,97,1
195,97,1
1981,97,1
467,97,1
393,97,1
1492,97,1
1288,97,1
2005,97,1
961,97,1
574,97,1
1703,97,1
1355,97,1
287,97,1
2030,97,1
506,97,1
474,97,1
2280,97,1
1570,97,1
2345,97,1
2311,97,1
12,97,1
672,97,1
1201,97,1
740,97,1
1671,97,1
2309,97,1
1428,97,1
1735,97,1
1638,97,1
477,97,1
1142,97,1
1832,97,1
2406,97,1
1370,97,1
1884,97,1
1957,97,1
692,97,1
2268,97,1
2070,97,1
1542,97,1
1134,97,1
693,97,1
1265,97,1
683,97,1
279,97,1
1796,97,1
1693,97,1
724,97,1
2379,97,1
1648,97,1
2426,97,1
122,97,1
995,98,1
123,98,1
407,98,1
1161,98,1
1781,98,1
1359,98,1
1441,98,1
292,98,1
455,98,1
2322,98,1
1590,98,1
2062,98,1
2081,98,1
1333,98,1
1714,98,1
892,98,1
981,98,1
2118,98,1
2175,98,1
301,98,1
2144,98,1
2083,98,1
1892,98,1
2377,98,1
2369,98,1
1709,98,1
1921,98,1
2215,98,1
2053,98,1
419,98,1
1527,98,1
341,98,1
694,98,1
1279,98,1
1814,98,1
1787,98,1
1512,98,1
1677,98,1
2224,98,1
1084,98,1
96,98,1
1079,98,1
1837,98,1
118,98,1
258,98,1
1867,98,1
2159,98,1
359,98,1
2344,98,1
821,98,1
2148,98,1
690,98,1
1986,98,1
957,98,1
1031,98,1
22,98,1
171,98,1
2382,98,1
1502,98,1
308,98,1
1001,98,1
2190,98,1
1094,98,1
1574,98,1
1534,98,1
2205,98,1
1249,98,1
2280,98,1
1403,98,1
499,98,1
1190,98,1
1734,98,1
591,98,1
391,98,1
252,98,1
384,98,1
152,98,1
1826,98,1
1048,98,1
1881,98,1
2011,99,1
97,99,1
196,99,1
841,99,1
1842,99,1
211,99,1
651,99,1
364,99,1
324,99,1
1281,99,1
1167,99,1
908,99,1
103,99,1
794,99,1
155,99,1
2328,99,1
2018,99,1
455,99,1
785,99,1
528,99,1
1632,99,1
1960,99,1
2230,99,1
1666,99,1
1844,99,1
1220,99,1
1571,99,1
544,99,1
365,99,1
914,99,1
675,99,1
574,99,1
1570,99,1
2008,99,1
255,99,1
977,100,1
1545,100,1
1593,100,1
1571,100,1
1785,100,1
1987,100,1
1084,100,1
97,100,1
774,100,1
1362,100,1
533,100,1
30,100,1
793,100,1
353,100,1
286,100,1
854,100,1
407,100,1
1554,100,1
477,100,1
1781,100,1
1345,100,1
1853,100,1
1293,100,1
984,100,1
646,100,1
728,100,1
1053,100,1
1642,100,1
2342,100,1
1707,100,1
135,100,1
81,100,1
475,100,1
602,100,1
2180,100,1
1037,100,1
1590,100,1
521,100,1
729,100,1
2062,100,1
518,100,1
768,100,1
302,100,1
1775,100,1
892,100,1
2294,100,1
352,100,1
1788,100,1
1727,100,1
389,100,1
1211,100,1
837,100,1
872,100,1
498,100,1
1914,100,1
1617,100,1
1822,100,1
1767,100,1
1086,100,1
400,100,1
82,100,1
2418,100,1
1361,100,1
1585,100,1
1741,100,1
217,100,1
621,100,1
929,100,1
1102,100,1
794,100,1
2261,100,1
112,100,1
1919,100,1
1376,100,1
2022,100,1
2058,100,1
326,100,1
1074,100,1
969,100,1
1250,100,1
2386,100,1
1795,100,1
1942,100,1
2377,100,1
480,100,1
1268,100,1
25,100,1
1978,100,1
1738,100,1
1521,100,1
1550,100,1
2340,100,1
809,100,1
1918,100,1
2015,100,1
462,100,1
1142,100,1
1783,100,1
1872,100,1
2338,100,1
714,100,1
1770,100,1
710,100,1
1692,100,1
1301,100,1
1443,100,1
541,100,1
1957,100,1
994,100,1
2053,100,1
1091,100,1
721,100,1
1806,100,1
2099,100,1
2332,100,1
2328,100,1
915,100,1
871,100,1
1289,100,1
1342,100,1
1394,100,1
263,100,1
593,100,1
1999,100,1
1088,100,1
1408,100,1
1107,100,1
1807,100,1
797,100,1
1862,100,1
101,100,1
1534,100,1
1725,100,1
37,100,1
140,100,1
665,100,1
1460,100,1
806,100,1
341,100,1
857,100,1
1476,100,1
659,100,1
2193,100,1
11,100,1
127,100,1
1688,100,1
1812,100,1
430,100,1
203,100,1
785,100,1
1685,100,1
600,100,1
237,100,1
1750,100,1
2343,100,1
1976,100,1
85,100,1
623,100,1
487,100,1
404,100,1
1081,100,1
741,100,1
1820,100,1
111,100,1
1079,100,1
990,100,1
920,100,1
150,100,1
2076,100,1
1537,100,1
675,100,1
2078,100,1
1532,100,1
1946,100,1
1549,100,1
1530,100,1
864,100,1
835,100,1
2098,100,1
1173,100,1
70,100,1
472,100,1
560,100,1
301,100,1
1295,100,1
1397,100,1
1063,100,1
2097,100,1
2100,100,1
1595,100,1
488,100,1
388,100,1
939,100,1
1421,100,1
2148,100,1
2297,100,1
1049,100,1
493,100,1
1485,100,1
1339,100,1
311,100,1
1068,100,1
258,100,1
1565,100,1
569,100,1
1563,100,1
1935,100,1
256,100,1
573,100,1
448,100,1
1905,100,1
967,100,1
1506,100,1
2166,100,1
598,100,1
2354,100,1
1912,100,1
2239,100,1
508,100,1
596,100,1
1213,100,1
1121,100,1
1960,100,1
1577,100,1
2378,100,1
1042,100,1
1481,100,1
1653,100,1
282,100,1
1383,100,1
2230,100,1
1864,100,1
903,100,1
547,100,1
1892,100,1
895,100,1
2175,100,1
815,100,1
1247,100,1
543,100,1
1526,100,1
524,100,1
2323,100,1
757,100,1
548,100,1
406,100,1
1199,100,1
880,100,1
1540,100,1
909,100,1
1536,100,1
1494,100,1
703,100,1
499,100,1
345,100,1
2030,100,1
504,100,1
1644,100,1
15,100,1
2388,100,1
1687,100,1
1917,100,1
2356,100,1
489,100,1
2163,100,1
1078,100,1
2145,100,1
1210,100,1
259,100,1
2194,100,1
2073,100,1
1288,100,1
744,100,1
1004,100,1
2325,100,1
1954,100,1
214,100,1
827,100,1
1847,100,1
2209,100,1
2096,100,1
500,100,1
1457,100,1
2280,100,1
875,100,1
725,100,1
1528,100,1
278,100,1
1355,100,1
2164,100,1
287,100,1
1486,100,1
442,100,1
2326,100,1
2132,100,1
2425,100,1
617,100,1
2353,100,1
1220,100,1
612,100,1
1969,100,1
382,100,1
266,100,1
175,100,1
2350,100,1
1867,100,1
1060,100,1
1715,100,1
1219,100,1
1320,100,1
1520,100,1
1080,100,1
727,100,1
1773,100,1
1190,100,1
1098,100,1
1734,100,1
1001,100,1
1832,100,1
918,100,1
523,100,1
1527,100,1
2250,100,1
565,100,1
252,100,1
1353,100,1
1721,100,1
845,100,1
1733,100,1
1039,100,1
1319,100,1
2087,100,1
2184,100,1
2045,100,1
195,100,1
244,100,1
2116,100,1
1010,100,1
898,100,1
474,100,1
1671,100,1
2208,100,1
2382,100,1
2154,100,1
2131,100,1
233,100,1
1835,100,1
1239,100,1
693,100,1
1796,100,1
42,100,1
279,100,1
914,100,1
199,100,1
2379,100,1
1818,100,1
1198,100,1
122,100,1
1631,100,1
542,100,1
1254,100,1
36,100,1
1458,100,1
1895,100,1
1171,101,1
1106,101,1
977,102,1
1634,102,1
824,102,1
315,102,1
947,102,1
264,102,1
1590,102,1
1069,102,1
1429,102,1
400,102,1
2155,102,1
1361,102,1
804,102,1
1795,102,1
1430,102,1
808,102,1
491,102,1
1284,102,1
1686,102,1
2305,102,1
1431,102,1
1695,102,1
1632,102,1
1991,102,1
835,102,1
127,102,1
1616,102,1
2212,102,1
1295,102,1
1844,102,1
1591,102,1
225,102,1
1954,102,1
1288,102,1
192,102,1
971,102,1
2120,102,1
2422,102,1
1897,102,1
2085,102,1
801,102,1
447,102,1
975,102,1
266,102,1
107,102,1
930,102,1
506,102,1
1724,102,1
149,102,1
1411,102,1
610,103,1
1622,103,1
1033,103,1
1105,103,1
2175,103,1
892,104,1
979,104,1
1893,104,1
1622,104,1
629,105,1
204,105,1
2011,105,1
454,105,1
1523,105,1
124,105,1
1263,105,1
377,105,1
1416,105,1
2315,105,1
714,105,1
2185,105,1
1993,105,1
1787,105,1
982,105,1
127,105,1
2212,105,1
581,105,1
1737,105,1
468,105,1
1244,105,1
2085,105,1
79,105,1
1739,105,1
547,105,1
579,105,1
366,105,1
1205,105,1
851,105,1
1911,105,1
1257,105,1
754,105,1
848,105,1
300,105,1
353,106,1
533,106,1
1311,106,1
1421,106,1
218,106,1
1040,106,1
1948,106,1
1171,106,1
1784,106,1
937,106,1
1511,106,1
1707,106,1
2160,106,1
1082,106,1
2405,106,1
589,106,1
84,106,1
1521,106,1
901,106,1
267,106,1
545,106,1
1422,106,1
599,106,1
2361,106,1
427,106,1
1144,106,1
979,106,1
182,106,1
697,106,1
4,106,1
1519,106,1
619,106,1
347,106,1
1391,106,1
1587,106,1
1522,106,1
1295,106,1
1203,106,1
1716,106,1
382,106,1
1594,106,1
1874,106,1
957,106,1
1247,106,1
574,106,1
2001,106,1
672,106,1
822,106,1
461,106,1
390,106,1
233,106,1
1077,106,1
2130,106,1
133,107,1
451,107,1
1627,107,1
1888,107,1
65,107,1
521,107,1
1325,107,1
1799,107,1
2217,107,1
236,107,1
187,107,1
641,107,1
2289,107,1
412,107,1
1956,107,1
2169,107,1
2231,107,1
512,107,1
200,107,1
1849,107,1
872,107,1
411,107,1
1089,107,1
377,107,1
794,107,1
796,107,1
1351,107,1
1305,107,1
25,107,1
2232,107,1
915,107,1
1300,107,1
2424,107,1
2085,107,1
920,107,1
491,107,1
1374,107,1
2196,107,1
2328,107,1
1171,107,1
1821,107,1
2423,107,1
714,107,1
1294,107,1
219,107,1
201,107,1
1639,107,1
207,107,1
819,107,1
1546,107,1
1607,107,1
1600,107,1
453,107,1
791,107,1
52,107,1
127,107,1
1632,107,1
172,107,1
1206,107,1
39,107,1
1985,107,1
2275,107,1
704,107,1
1844,107,1
1876,107,1
2166,107,1
2312,107,1
466,107,1
1969,107,1
58,107,1
1408,107,1
939,107,1
2120,107,1
970,107,1
1344,107,1
2171,107,1
1094,107,1
2396,107,1
1279,107,1
1624,107,1
944,107,1
2409,107,1
2346,107,1
2063,107,1
557,107,1
914,107,1
2373,107,1
2013,107,1
1596,107,1
489,107,1
1176,107,1
1850,107,1
1077,107,1
1114,107,1
2274,107,1
2044,107,1
1818,107,1
1125,107,1
1074,108,1
434,108,1
1116,108,1
26,108,1
102,108,1
977,108,1
2310,108,1
315,108,1
640,108,1
925,108,1
729,108,1
452,108,1
2294,108,1
155,108,1
1699,108,1
1444,108,1
922,108,1
932,108,1
1589,108,1
794,108,1
856,108,1
2412,108,1
412,108,1
2364,108,1
804,108,1
2058,108,1
376,108,1
75,108,1
2383,108,1
512,108,1
1852,108,1
357,108,1
1474,108,1
1152,108,1
491,108,1
1368,108,1
920,108,1
1375,108,1
498,108,1
2053,108,1
577,108,1
249,108,1
364,108,1
1831,108,1
144,108,1
1303,108,1
1420,108,1
232,108,1
1669,108,1
588,108,1
785,108,1
1290,108,1
1800,108,1
428,108,1
1354,108,1
1421,108,1
2122,108,1
581,108,1
1899,108,1
2375,108,1
330,108,1
2186,108,1
325,108,1
1081,108,1
85,108,1
1703,108,1
1166,108,1
127,108,1
690,108,1
1369,108,1
2085,108,1
1529,108,1
2230,108,1
2166,108,1
2214,109,1
374,109,1
1853,109,1
2234,109,1
1932,109,1
2285,109,1
1516,109,1
1500,109,1
142,109,1
2218,109,1
2203,109,1
1471,109,1
2100,109,1
1966,109,1
1751,109,1
1979,109,1
1656,109,1
1649,109,1
1249,109,1
163,109,1
1400,109,1
373,110,1
1311,110,1
415,110,1
774,110,1
1554,110,1
30,110,1
2342,110,1
286,110,1
1116,110,1
1380,110,1
116,110,1
1467,110,1
1767,110,1
843,110,1
729,110,1
2168,110,1
1496,110,1
475,110,1
602,110,1
2180,110,1
1590,110,1
1620,110,1
2062,110,1
1211,110,1
302,110,1
892,110,1
2294,110,1
920,110,1
2249,110,1
1248,110,1
1820,110,1
1914,110,1
1617,110,1
1086,110,1
794,110,1
1200,110,1
929,110,1
2261,110,1
2056,110,1
1376,110,1
2022,110,1
1919,110,1
2101,110,1
1795,110,1
2377,110,1
1521,110,1
1010,110,1
480,110,1
1784,110,1
1512,110,1
1545,110,1
2383,110,1
1872,110,1
1164,110,1
2338,110,1
1783,110,1
357,110,1
1091,110,1
2343,110,1
997,110,1
1786,110,1
1390,110,1
1725,110,1
915,110,1
593,110,1
799,110,1
1275,110,1
1180,110,1
1534,110,1
736,110,1
808,110,1
219,110,1
806,110,1
1460,110,1
1097,110,1
532,110,1
1985,110,1
1476,110,1
127,110,1
1747,110,1
1084,110,1
785,110,1
1685,110,1
600,110,1
1750,110,1
1976,110,1
811,110,1
1563,110,1
388,110,1
2100,110,1
2097,110,1
1063,110,1
301,110,1
939,110,1
1421,110,1
714,110,1
548,110,1
493,110,1
382,110,1
1319,110,1
569,110,1
1077,110,1
2354,110,1
448,110,1
578,110,1
573,110,1
967,110,1
489,110,1
2070,110,1
1213,110,1
2241,110,1
1960,110,1
1577,110,1
2378,110,1
1847,110,1
619,110,1
1067,110,1
1653,110,1
2230,110,1
282,110,1
880,110,1
2175,110,1
1220,110,1
802,110,1
689,110,1
244,110,1
815,110,1
406,110,1
554,110,1
1001,110,1
1506,110,1
732,110,1
345,110,1
1644,110,1
15,110,1
1288,110,1
2209,110,1
420,110,1
1457,110,1
500,110,1
177,110,1
544,110,1
2184,110,1
1567,110,1
1528,110,1
826,110,1
1355,110,1
1687,110,1
1347,110,1
964,110,1
2250,110,1
1219,110,1
1286,110,1
252,110,1
2017,110,1
547,110,1
1497,110,1
98,110,1
2353,110,1
1317,110,1
885,110,1
1095,110,1
2302,110,1
272,110,1
565,110,1
697,110,1
1130,110,1
845,110,1
1887,110,1
2382,110,1
467,110,1
930,110,1
474,110,1
1468,110,1
1884,110,1
2131,110,1
1209,110,1
805,110,1
862,110,1
148,110,1
1265,110,1
1796,110,1
199,110,1
914,110,1
1996,110,1
1511,111,1
135,111,1
2058,111,1
253,111,1
1693,111,1
1015,112,1
920,112,1
611,112,1
1873,112,1
641,112,1
226,112,1
1892,112,1
1783,112,1
1784,112,1
127,112,1
2178,112,1
252,112,1
221,112,1
329,112,1
805,112,1
1952,112,1
112,113,1
1863,113,1
2146,113,1
135,113,1
302,113,1
963,113,1
1772,113,1
1413,113,1
1218,113,1
2361,113,1
1084,113,1
983,113,1
2324,113,1
192,113,1
16,113,1
666,113,1
1636,113,1
2129,113,1
364,113,1
1483,113,1
1199,113,1
405,113,1
2392,113,1
1067,113,1
2273,113,1
2041,113,1
2170,113,1
2325,113,1
173,114,1
1438,114,1
1913,114,1
917,114,1
208,114,1
2221,114,1
796,114,1
1640,114,1
434,114,1
2323,114,1
333,114,1
479,114,1
2306,114,1
1006,114,1
1521,114,1
2213,114,1
127,114,1
129,114,1
1119,114,1
2417,114,1
2153,114,1
453,114,1
490,114,1
2100,114,1
1407,114,1
1976,114,1
1235,114,1
720,114,1
213,114,1
1920,114,1
91,114,1
448,114,1
1643,114,1
2246,114,1
460,114,1
781,114,1
2134,114,1
489,114,1
2409,114,1
1583,114,1
252,114,1
113,114,1
331,114,1
2360,114,1
2000,114,1
629,115,1
204,115,1
2393,115,1
677,115,1
2254,115,1
1285,115,1
870,115,1
1783,115,1
203,115,1
168,115,1
2125,115,1
1382,115,1
1787,115,1
1993,115,1
268,115,1
37,115,1
1435,115,1
146,115,1
2085,115,1
581,115,1
1792,115,1
448,115,1
1653,115,1
1357,115,1
2212,115,1
1844,116,1
1161,117,1
1132,117,1
1524,117,1
610,117,1
1922,117,1
2040,117,1
531,117,1
260,117,1
2308,117,1
1196,117,1
562,117,1
1389,117,1
1538,117,1
502,117,1
1077,117,1
405,117,1
1572,117,1
2145,117,1
1579,117,1
1291,117,1
2130,117,1
1272,118,1
2188,118,1
836,118,1
92,118,1
1171,118,1
1634,118,1
2136,118,1
981,118,1
135,118,1
1590,118,1
1533,118,1
1398,118,1
473,118,1
2342,118,1
2139,118,1
1223,118,1
794,118,1
2261,118,1
710,118,1
18,118,1
804,118,1
2227,118,1
1545,118,1
1893,118,1
2184,118,1
979,118,1
808,118,1
2361,118,1
2328,118,1
528,118,1
957,118,1
785,118,1
833,118,1
263,118,1
1686,118,1
642,118,1
563,118,1
1725,118,1
1188,118,1
658,118,1
2375,118,1
1939,118,1
835,118,1
1447,118,1
1737,118,1
460,118,1
1892,118,1
1499,118,1
127,118,1
1616,118,1
2112,118,1
2212,118,1
1998,118,1
708,118,1
2036,118,1
1965,118,1
256,118,1
2166,118,1
664,118,1
1661,118,1
192,118,1
2246,118,1
2027,118,1
1258,118,1
1567,118,1
951,118,1
863,118,1
597,118,1
1208,118,1
1971,118,1
2085,118,1
801,118,1
1653,118,1
2089,118,1
2253,118,1
499,118,1
930,118,1
2302,118,1
1080,118,1
1846,118,1
2307,118,1
717,118,1
107,118,1
2340,118,1
2273,118,1
724,118,1
914,118,1
1413,119,1
2011,119,1
1439,119,1
1568,119,1
454,119,1
841,119,1
2417,119,1
892,119,1
196,120,1
1132,120,1
227,120,1
610,120,1
1315,120,1
2227,120,1
1084,120,1
1589,120,1
1163,121,1
1634,121,1
92,121,1
653,121,1
824,121,1
2335,121,1
1304,121,1
1848,121,1
186,121,1
1885,121,1
2169,121,1
700,121,1
251,121,1
939,121,1
804,121,1
2364,121,1
2338,121,1
2383,121,1
1387,121,1
1474,121,1
491,121,1
155,121,1
1742,121,1
710,121,1
2284,121,1
881,121,1
41,121,1
1541,121,1
2070,121,1
471,121,1
1447,121,1
590,121,1
1591,121,1
1793,121,1
1399,121,1
222,121,1
600,121,1
1509,121,1
1251,121,1
1548,121,1
1288,121,1
1369,121,1
2233,121,1
2250,121,1
579,121,1
949,121,1
1735,121,1
259,121,1
792,121,1
1564,121,1
717,121,1
1318,121,1
2069,121,1
2085,121,1
303,121,1
724,121,1
2426,121,1
686,122,1
352,122,1
2011,122,1
1223,122,1
2146,122,1
606,122,1
1900,122,1
1901,122,1
1923,122,1
813,122,1
2271,122,1
135,122,1
2301,122,1
2335,122,1
870,122,1
2321,122,1
2417,122,1
1597,122,1
1471,122,1
1263,122,1
200,122,1
2374,122,1
1808,122,1
168,122,1
1382,122,1
299,122,1
300,122,1
1416,122,1
1545,122,1
706,122,1
807,122,1
2099,122,1
2196,122,1
2185,122,1
1993,122,1
1538,122,1
1279,122,1
1196,122,1
77,122,1
1473,122,1
2314,122,1
201,122,1
2073,122,1
982,122,1
203,122,1
1493,122,1
1991,122,1
2175,122,1
1617,122,1
356,122,1
1,122,1
2085,122,1
581,122,1
2315,122,1
1653,122,1
1985,122,1
309,122,1
851,122,1
149,122,1
1787,122,1
286,123,1
1014,123,1
2335,123,1
2227,123,1
1164,123,1
1533,123,1
2075,123,1
1142,123,1
2348,123,1
785,123,1
593,123,1
2218,123,1
127,123,1
957,123,1
1954,123,1
2178,123,1
544,123,1
1028,123,1
2409,123,1
1867,123,1
2184,123,1
1724,123,1
261,123,1
2052,123,1
717,123,1
279,123,1
2011,124,1
2085,124,1
1538,124,1
370,124,1
1285,124,1
1523,124,1
1341,124,1
714,124,1
1787,124,1
2064,125,1
1858,125,1
357,125,1
1798,125,1
2100,125,1
1952,125,1
443,126,1
1531,126,1
1086,126,1
1879,126,1
1375,126,1
2218,126,1
2166,126,1
78,126,1
1768,126,1
1897,126,1
1775,126,1
1146,126,1
1190,126,1
440,126,1
1618,126,1
1923,127,1
1634,127,1
1842,127,1
677,127,1
2303,127,1
1933,127,1
770,127,1
215,127,1
521,127,1
324,127,1
1909,127,1
1415,127,1
1212,127,1
2196,127,1
433,127,1
342,127,1
2108,127,1
127,127,1
2372,127,1
1053,127,1
1805,127,1
86,127,1
522,127,1
414,127,1
1424,127,1
1844,127,1
1960,127,1
1984,127,1
1812,127,1
2259,127,1
2296,127,1
2109,127,1
1880,127,1
432,127,1
2105,127,1
1860,127,1
577,127,1
1255,128,1
1074,128,1
1131,128,1
135,128,1
610,128,1
1776,128,1
2060,128,1
865,128,1
1053,128,1
1413,128,1
2423,128,1
1695,128,1
201,128,1
209,128,1
1000,128,1
132,128,1
1070,128,1
2241,128,1
2036,128,1
1899,128,1
1494,128,1
704,128,1
2344,128,1
2266,128,1
2260,128,1
2409,128,1
1961,128,1
152,128,1
151,128,1
262,128,1
858,128,1
2146,129,1
1346,129,1
1015,129,1
774,129,1
1092,129,1
1053,129,1
1471,129,1
1731,129,1
603,129,1
412,129,1
1698,129,1
2134,129,1
714,129,1
2361,129,1
1500,129,1
659,129,1
490,129,1
201,129,1
9,129,1
819,129,1
487,129,1
823,129,1
1551,129,1
2166,129,1
1945,129,1
939,129,1
1124,129,1
1090,129,1
2409,129,1
684,129,1
1753,129,1
2004,129,1
1767,129,1
1483,129,1
1228,129,1
1507,129,1
1343,130,1
1037,130,1
268,130,1
1224,130,1
728,130,1
1116,130,1
1272,130,1
26,130,1
2136,130,1
2390,130,1
1379,130,1
1784,130,1
825,130,1
1387,130,1
981,130,1
2339,130,1
1270,130,1
276,130,1
264,130,1
2335,130,1
1590,130,1
518,130,1
1398,130,1
2160,130,1
1069,130,1
2294,130,1
1074,130,1
75,130,1
251,130,1
1438,130,1
2386,130,1
794,130,1
2272,130,1
914,130,1
1430,130,1
1545,130,1
1361,130,1
1978,130,1
2184,130,1
1829,130,1
2355,130,1
979,130,1
2059,130,1
357,130,1
348,130,1
1852,130,1
1152,130,1
1227,130,1
752,130,1
547,130,1
2404,130,1
2348,130,1
1848,130,1
2328,130,1
1303,130,1
528,130,1
1742,130,1
1420,130,1
912,130,1
588,130,1
1765,130,1
871,130,1
1134,130,1
2042,130,1
159,130,1
1622,130,1
263,130,1
642,130,1
1997,130,1
563,130,1
711,130,1
1467,130,1
2110,130,1
1300,130,1
2122,130,1
2375,130,1
966,130,1
2076,130,1
85,130,1
1166,130,1
785,130,1
127,130,1
2212,130,1
958,130,1
1591,130,1
1421,130,1
2245,130,1
2085,130,1
2036,130,1
1668,130,1
1965,130,1
955,130,1
2166,130,1
664,130,1
880,130,1
1661,130,1
1981,130,1
1278,130,1
1563,130,1
1954,130,1
406,130,1
1288,130,1
502,130,1
2175,130,1
1790,130,1
1057,130,1
2120,130,1
435,130,1
951,130,1
2192,130,1
801,130,1
1403,130,1
2253,130,1
1426,130,1
822,130,1
544,130,1
565,130,1
2302,130,1
1648,130,1
1846,130,1
1844,130,1
1480,130,1
107,130,1
223,130,1
1977,130,1
1331,130,1
128,130,1
335,131,1
1037,131,1
774,131,1
1298,131,1
1785,131,1
1611,131,1
101,131,1
527,131,1
415,131,1
362,131,1
97,131,1
762,131,1
30,131,1
2342,131,1
286,131,1
652,131,1
2137,131,1
1116,131,1
1554,131,1
407,131,1
1438,131,1
1781,131,1
1122,131,1
116,131,1
220,131,1
1467,131,1
1593,131,1
0,131,1
1327,131,1
32,131,1
1893,131,1
2168,131,1
1707,131,1
2332,131,1
1496,131,1
1957,131,1
1692,131,1
135,131,1
196,131,1
374,131,1
1853,131,1
1319,131,1
526,131,1
1590,131,1
729,131,1
192,131,1
2062,131,1
884,131,1
510,131,1
1333,131,1
963,131,1
1658,131,1
1413,131,1
302,131,1
1775,131,1
892,131,1
477,131,1
1763,131,1
1223,131,1
456,131,1
1211,131,1
585,131,1
1135,131,1
1075,131,1
282,131,1
1617,131,1
2118,131,1
1086,131,1
1084,131,1
357,131,1
1971,131,1
333,131,1
1767,131,1
2047,131,1
645,131,1
1545,131,1
1580,131,1
1200,131,1
929,131,1
1102,131,1
794,131,1
2261,131,1
1652,131,1
2056,131,1
2058,131,1
1376,131,1
2022,131,1
2088,131,1
1919,131,1
2101,131,1
1250,131,1
2055,131,1
1795,131,1
109,131,1
2377,131,1
480,131,1
1010,131,1
2374,131,1
856,131,1
2240,131,1
2355,131,1
509,131,1
25,131,1
1978,131,1
1363,131,1
1142,131,1
1854,131,1
2328,131,1
1512,131,1
2418,131,1
1872,131,1
1271,131,1
2155,131,1
906,131,1
710,131,1
665,131,1
1443,131,1
1712,131,1
587,131,1
987,131,1
1556,131,1
541,131,1
1175,131,1
1604,131,1
2053,131,1
721,131,1
125,131,1
957,131,1
1452,131,1
1287,131,1
1831,131,1
1290,131,1
232,131,1
915,131,1
2173,131,1
166,131,1
871,131,1
2262,131,1
1633,131,1
1289,131,1
1374,131,1
263,131,1
593,131,1
327,131,1
1833,131,1
1053,131,1
2247,131,1
1871,131,1
1059,131,1
788,131,1
1725,131,1
1304,131,1
539,131,1
1375,131,1
797,131,1
1180,131,1
1534,131,1
1718,131,1
1582,131,1
997,131,1
1720,131,1
140,131,1
1460,131,1
119,131,1
1985,131,1
2085,131,1
1677,131,1
659,131,1
1476,131,1
1062,131,1
127,131,1
1410,131,1
1093,131,1
1207,131,1
332,131,1
1685,131,1
474,131,1
1750,131,1
237,131,1
741,131,1
821,131,1
874,131,1
513,131,1
1787,131,1
343,131,1
623,131,1
811,131,1
388,131,1
1963,131,1
990,131,1
150,131,1
111,131,1
2100,131,1
2078,131,1
229,131,1
1019,131,1
1946,131,1
1532,131,1
1001,131,1
1751,131,1
1563,131,1
206,131,1
1612,131,1
1134,131,1
2218,131,1
1587,131,1
472,131,1
522,131,1
301,131,1
2097,131,1
586,131,1
1421,131,1
2075,131,1
493,131,1
488,131,1
1365,131,1
1716,131,1
2148,131,1
785,131,1
1485,131,1
2267,131,1
1049,131,1
1815,131,1
311,131,1
1068,131,1
569,131,1
2380,131,1
1651,131,1
828,131,1
967,131,1
1081,131,1
448,131,1
2166,131,1
1418,131,1
227,131,1
939,131,1
1813,131,1
2266,131,1
1646,131,1
1146,131,1
2002,131,1
1960,131,1
1324,131,1
1653,131,1
1657,131,1
1383,131,1
1121,131,1
256,131,1
1864,131,1
880,131,1
895,131,1
2175,131,1
815,131,1
2249,131,1
690,131,1
205,131,1
1493,131,1
1247,131,1
2323,131,1
802,131,1
1464,131,1
757,131,1
406,131,1
16,131,1
1506,131,1
732,131,1
1033,131,1
2092,131,1
2027,131,1
345,131,1
1257,131,1
1644,131,1
1361,131,1
1009,131,1
713,131,1
2382,131,1
148,131,1
2163,131,1
1917,131,1
1249,131,1
1078,131,1
2145,131,1
1589,131,1
875,131,1
1760,131,1
1288,131,1
714,131,1
274,131,1
214,131,1
1847,131,1
1457,131,1
177,131,1
2000,131,1
1054,131,1
2184,131,1
489,131,1
725,131,1
1528,131,1
1064,131,1
2091,131,1
1803,131,1
780,131,1
1355,131,1
287,131,1
2326,131,1
612,131,1
1045,131,1
382,131,1
840,131,1
499,131,1
1219,131,1
175,131,1
2250,131,1
55,131,1
252,131,1
692,131,1
1060,131,1
1972,131,1
1080,131,1
2253,131,1
1497,131,1
1637,131,1
2017,131,1
547,131,1
1817,131,1
298,131,1
1935,131,1
1832,131,1
40,131,1
544,131,1
2102,131,1
272,131,1
565,131,1
1403,131,1
517,131,1
845,131,1
1733,131,1
2045,131,1
1492,131,1
1943,131,1
14,131,1
2087,131,1
1944,131,1
2116,131,1
244,131,1
467,131,1
288,131,1
2406,131,1
1176,131,1
1884,131,1
1209,131,1
798,131,1
1265,131,1
1465,131,1
1077,131,1
1323,131,1
1796,131,1
279,131,1
914,131,1
1693,131,1
2379,131,1
1818,131,1
2426,131,1
1631,131,1
36,131,1
1458,131,1
2340,132,1
1014,132,1
135,132,1
56,132,1
1590,132,1
1873,132,1
981,132,1
1617,132,1
808,132,1
360,132,1
2058,132,1
2369,132,1
2377,132,1
1738,132,1
1271,132,1
406,132,1
144,132,1
1452,132,1
142,132,1
2215,132,1
75,132,1
1787,132,1
2361,132,1
1421,132,1
1090,132,1
359,132,1
96,132,1
237,132,1
364,132,1
1019,132,1
821,132,1
1190,132,1
1751,132,1
238,132,1
1986,132,1
2382,132,1
1892,132,1
524,132,1
1395,132,1
1657,132,1
444,132,1
2205,132,1
1574,132,1
2195,132,1
380,132,1
252,132,1
246,132,1
1492,132,1
1191,132,1
308,132,1
1177,132,1
1881,132,1
1844,133,1
1298,133,1
1071,133,1
996,133,1
515,133,1
1381,133,1
1980,133,1
1433,133,1
1398,133,1
1451,133,1
605,133,1
582,133,1
324,133,1
1909,133,1
1576,133,1
800,133,1
1377,133,1
1134,133,1
1958,133,1
1366,133,1
1105,133,1
2191,133,1
2362,133,1
945,133,1
1786,133,1
1919,133,1
1768,133,1
785,133,1
364,133,1
712,133,1
2007,133,1
1960,133,1
1408,133,1
880,133,1
810,133,1
1360,133,1
435,133,1
2183,133,1
1253,133,1
2345,133,1
877,133,1
365,133,1
1977,133,1
174,133,1
869,133,1
8,133,1
133,134,1
92,134,1
2089,134,1
210,134,1
451,134,1
1888,134,1
938,134,1
65,134,1
521,134,1
1155,134,1
2274,134,1
667,134,1
2248,134,1
307,134,1
2217,134,1
236,134,1
1889,134,1
357,134,1
187,134,1
2039,134,1
412,134,1
2411,134,1
1956,134,1
2169,134,1
512,134,1
64,134,1
1372,134,1
2220,134,1
1849,134,1
1269,134,1
872,134,1
2256,134,1
941,134,1
411,134,1
671,134,1
377,134,1
1351,134,1
1305,134,1
25,134,1
1021,134,1
2232,134,1
915,134,1
2231,134,1
1846,134,1
1300,134,1
1441,134,1
1112,134,1
2125,134,1
2424,134,1
212,134,1
2230,134,1
920,134,1
491,134,1
1564,134,1
2196,134,1
661,134,1
1929,134,1
1821,134,1
2423,134,1
1294,134,1
201,134,1
714,134,1
1639,134,1
207,134,1
1607,134,1
453,134,1
395,134,1
600,134,1
791,134,1
127,134,1
1632,134,1
39,134,1
1907,134,1
1784,134,1
796,134,1
520,134,1
466,134,1
258,134,1
1969,134,1
1408,134,1
2001,134,1
1577,134,1
970,134,1
1344,134,1
2396,134,1
1624,134,1
372,134,1
974,134,1
1613,134,1
151,134,1
557,134,1
633,134,1
2273,134,1
92,135,1
1515,135,1
1325,135,1
1931,135,1
402,135,1
18,135,1
127,135,1
1858,135,1
1487,135,1
50,135,1
1157,135,1
1,135,1
1924,135,1
1587,135,1
1514,135,1
1676,135,1
607,135,1
848,135,1
287,135,1
1722,135,1
2052,135,1
483,135,1
801,135,1
2011,136,1
1120,136,1
127,136,1
1923,136,1
1650,136,1
2352,136,1
164,136,1
324,136,1
1168,136,1
1342,136,1
446,136,1
2057,136,1
721,136,1
155,136,1
1192,136,1
1421,136,1
1877,136,1
1446,136,1
747,136,1
1972,136,1
121,136,1
1348,136,1
1722,136,1
1614,136,1
24,136,1
2126,136,1
767,136,1
161,136,1
2379,136,1
1411,136,1
1844,137,1
1985,137,1
2011,137,1
567,137,1
2335,137,1
124,137,1
1285,137,1
772,137,1
1263,137,1
202,137,1
299,137,1
168,137,1
377,137,1
300,137,1
1471,137,1
1538,137,1
714,137,1
203,137,1
1787,137,1
2315,137,1
2085,137,1
1737,137,1
1993,137,1
2000,137,1
79,137,1
1739,137,1
1911,137,1
46,137,1
1257,137,1
754,137,1
675,137,1
2107,137,1
1209,137,1
2011,138,1
101,138,1
2174,138,1
286,138,1
1116,138,1
1784,138,1
1467,138,1
1272,138,1
509,138,1
843,138,1
2062,138,1
192,138,1
637,138,1
1932,138,1
264,138,1
2294,138,1
477,138,1
498,138,1
1292,138,1
565,138,1
794,138,1
1493,138,1
2056,138,1
2088,138,1
1919,138,1
2101,138,1
2377,138,1
1580,138,1
383,138,1
1178,138,1
1968,138,1
1053,138,1
906,138,1
2239,138,1
1617,138,1
1633,138,1
1871,138,1
341,138,1
714,138,1
1476,138,1
229,138,1
1549,138,1
1319,138,1
1541,138,1
2148,138,1
1093,138,1
1049,138,1
573,138,1
2266,138,1
160,138,1
1960,138,1
1001,138,1
2323,138,1
2249,138,1
1644,138,1
1094,138,1
1288,138,1
1528,138,1
1803,138,1
827,138,1
2152,138,1
647,138,1
297,138,1
1623,138,1
2382,138,1
1010,138,1
1483,138,1
1886,138,1
195,138,1
1693,138,1
1752,138,1
1704,138,1
1342,139,1
373,139,1
1260,139,1
2363,139,1
2024,139,1
1217,139,1
1248,139,1
700,139,1
2234,139,1
710,139,1
1545,139,1
2364,139,1
1541,139,1
2100,139,1
746,139,1
1686,139,1
2305,139,1
141,139,1
642,139,1
563,139,1
835,139,1
460,139,1
660,139,1
785,139,1
127,139,1
404,139,1
468,139,1
2085,139,1
1804,139,1
2036,139,1
2230,139,1
880,139,1
1661,139,1
524,139,1
192,139,1
2246,139,1
1057,139,1
1846,139,1
801,139,1
1379,139,1
2089,139,1
2253,139,1
499,139,1
792,139,1
329,139,1
1758,139,1
1515,139,1
1197,139,1
1552,139,1
128,139,1
1545,140,1
1381,140,1
995,140,1
2225,140,1
882,140,1
30,140,1
1401,140,1
2416,140,1
1071,140,1
2255,140,1
1187,140,1
2335,140,1
289,140,1
1620,140,1
753,140,1
2062,140,1
1223,140,1
651,140,1
1274,140,1
411,140,1
714,140,1
186,140,1
357,140,1
1281,140,1
324,140,1
176,140,1
2134,140,1
1342,140,1
638,140,1
1671,140,1
1522,140,1
941,140,1
433,140,1
1892,140,1
2328,140,1
785,140,1
4,140,1
1666,140,1
1893,140,1
1471,140,1
2073,140,1
860,140,1
1938,140,1
1542,140,1
2175,140,1
583,140,1
1632,140,1
1367,140,1
85,140,1
814,140,1
1559,140,1
1421,140,1
2166,140,1
222,140,1
1212,140,1
1149,140,1
2036,140,1
895,140,1
1341,140,1
765,140,1
1526,140,1
957,140,1
1220,140,1
175,140,1
205,140,1
1096,140,1
504,140,1
2325,140,1
1935,140,1
2140,140,1
1687,140,1
2017,140,1
544,140,1
565,140,1
2123,140,1
858,140,1
2183,140,1
1648,140,1
666,140,1
609,140,1
1272,141,1
751,141,1
315,141,1
1229,141,1
2136,141,1
473,141,1
639,141,1
1962,141,1
1915,141,1
1162,141,1
1961,141,1
435,141,1
491,141,1
1431,141,1
1583,141,1
1515,141,1
136,141,1
1724,141,1
608,141,1
2273,141,1
1071,142,1
1923,142,1
1387,142,1
1181,142,1
1653,142,1
582,142,1
1230,142,1
1545,142,1
588,142,1
2057,142,1
1192,142,1
748,142,1
1877,142,1
127,142,1
540,142,1
747,142,1
1149,142,1
1614,142,1
113,142,1
767,142,1
20,142,1
161,142,1
1846,142,1
2179,143,1
1764,143,1
897,143,1
407,143,1
977,143,1
2256,143,1
1853,143,1
1680,143,1
1511,143,1
2113,143,1
402,143,1
2417,143,1
226,143,1
196,143,1
186,143,1
2151,143,1
794,143,1
1493,143,1
714,143,1
1892,143,1
101,143,1
142,143,1
2324,143,1
989,143,1
2332,143,1
2312,143,1
2231,143,1
356,143,1
438,143,1
2239,143,1
1300,143,1
76,143,1
540,143,1
852,143,1
1591,143,1
1571,143,1
1966,143,1
1154,143,1
1820,143,1
1203,143,1
2111,143,1
957,143,1
1960,143,1
1589,143,1
2036,143,1
413,143,1
580,143,1
951,143,1
1924,143,1
1001,143,1
2178,143,1
252,143,1
2366,143,1
949,143,1
523,143,1
1080,143,1
1265,143,1
2253,143,1
961,143,1
239,143,1
776,143,1
1748,143,1
2011,144,1
88,144,1
2322,144,1
1892,144,1
892,144,1
2118,144,1
1497,144,1
671,144,1
2047,144,1
2377,144,1
1734,144,1
2369,144,1
142,144,1
96,144,1
1311,145,1
676,145,1
1781,145,1
1359,145,1
981,145,1
935,145,1
135,145,1
1590,145,1
1333,145,1
343,145,1
2081,145,1
360,145,1
671,145,1
1335,145,1
2060,145,1
856,145,1
972,145,1
2369,145,1
1921,145,1
2355,145,1
1738,145,1
1576,145,1
283,145,1
1271,145,1
2111,145,1
588,145,1
2361,145,1
1279,145,1
1084,145,1
732,145,1
1867,145,1
1963,145,1
1103,145,1
431,145,1
2159,145,1
2218,145,1
70,145,1
821,145,1
1190,145,1
2148,145,1
2382,145,1
1986,145,1
171,145,1
1876,145,1
399,145,1
1565,145,1
1275,145,1
2190,145,1
1574,145,1
2205,145,1
2195,145,1
1881,145,1
1823,145,1
1080,145,1
1734,145,1
1395,145,1
1527,145,1
1953,145,1
391,145,1
252,145,1
384,145,1
152,145,1
1826,145,1
1048,145,1
66,146,1
415,146,1
97,146,1
30,146,1
1116,146,1
977,146,1
973,146,1
475,146,1
825,146,1
87,146,1
2066,146,1
1900,146,1
729,146,1
2062,146,1
1413,146,1
2294,146,1
1599,146,1
1532,146,1
2118,146,1
1361,146,1
565,146,1
1580,146,1
1919,146,1
2327,146,1
1795,146,1
25,146,1
1791,146,1
1126,146,1
1918,146,1
477,146,1
1637,146,1
1287,146,1
2262,146,1
2075,146,1
593,146,1
788,146,1
785,146,1
1558,146,1
1686,146,1
797,146,1
254,146,1
1534,146,1
1460,146,1
941,146,1
101,146,1
505,146,1
203,146,1
1020,146,1
1678,146,1
920,146,1
2100,146,1
881,146,1
448,146,1
111,146,1
229,146,1
2247,146,1
1549,146,1
638,146,1
759,146,1
2312,146,1
1784,146,1
2148,146,1
1478,146,1
493,146,1
1506,146,1
1213,146,1
2266,146,1
508,146,1
1174,146,1
1960,146,1
1874,146,1
1493,146,1
406,146,1
554,146,1
499,146,1
1644,146,1
175,146,1
106,146,1
933,146,1
1761,146,1
1288,146,1
594,146,1
1054,146,1
274,146,1
827,146,1
500,146,1
1457,146,1
2150,146,1
544,146,1
245,146,1
5,146,1
1001,146,1
447,146,1
1219,146,1
2399,146,1
727,146,1
380,146,1
1817,146,1
298,146,1
1935,146,1
1056,146,1
1317,146,1
40,146,1
2340,146,1
2119,146,1
2096,146,1
845,146,1
1492,146,1
1839,146,1
1142,146,1
1665,146,1
1068,146,1
1618,146,1
2208,146,1
2010,146,1
1570,146,1
253,146,1
1336,146,1
536,146,1
745,146,1
1866,146,1
497,146,1
1428,146,1
1638,146,1
126,146,1
717,146,1
2154,146,1
693,146,1
1041,146,1
279,146,1
2379,146,1
1619,146,1
1138,147,1
1261,147,1
267,147,1
376,147,1
1104,147,1
1587,147,1
2011,148,1
938,149,1
1956,149,1
2220,149,1
357,149,1
402,149,1
186,149,1
2196,149,1
562,149,1
775,149,1
1637,149,1
794,149,1
2223,149,1
1034,149,1
1409,149,1
2348,149,1
2057,149,1
2341,149,1
1686,149,1
691,149,1
2181,149,1
1805,149,1
915,149,1
1021,149,1
1971,149,1
1894,149,1
1960,149,1
2230,149,1
1026,149,1
1887,149,1
1846,149,1
2004,149,1
2391,149,1
2157,149,1
2019,149,1
2036,150,1
196,150,1
102,150,1
1769,150,1
268,150,1
1053,150,1
2137,150,1
2011,150,1
1658,150,1
1421,150,1
296,150,1
125,150,1
667,150,1
1444,150,1
1672,150,1
2335,150,1
562,150,1
180,150,1
2333,150,1
873,150,1
212,150,1
872,150,1
2155,150,1
2243,150,1
1329,150,1
671,150,1
915,150,1
2242,150,1
991,150,1
794,150,1
2386,150,1
377,150,1
1471,150,1
1384,150,1
2058,150,1
412,150,1
2101,150,1
1698,150,1
1351,150,1
595,150,1
2134,150,1
714,150,1
1231,150,1
1557,150,1
2338,150,1
1576,150,1
226,150,1
1156,150,1
1223,150,1
2361,150,1
1164,150,1
1902,150,1
1106,150,1
2197,150,1
1092,150,1
1798,150,1
1949,150,1
1830,150,1
989,150,1
1196,150,1
1041,150,1
1059,150,1
463,150,1
376,150,1
855,150,1
4,150,1
659,150,1
1720,150,1
1300,150,1
1237,150,1
11,150,1
756,150,1
1997,150,1
442,150,1
127,150,1
819,150,1
9,150,1
1787,150,1
85,150,1
1367,150,1
942,150,1
682,150,1
1688,150,1
1290,150,1
823,150,1
1892,150,1
1036,150,1
1551,150,1
1365,150,1
2212,150,1
2297,150,1
316,150,1
466,150,1
1424,150,1
2166,150,1
1606,150,1
107,150,1
1414,150,1
1960,150,1
1984,150,1
309,150,1
1595,150,1
2241,150,1
2175,150,1
1945,150,1
1971,150,1
939,150,1
145,150,1
7,150,1
1090,150,1
2141,150,1
1084,150,1
1198,150,1
2184,150,1
1649,150,1
1377,150,1
851,150,1
2253,150,1
865,150,1
1426,150,1
523,150,1
272,150,1
445,150,1
845,150,1
574,150,1
1767,150,1
2029,150,1
2086,150,1
838,150,1
1820,150,1
1740,150,1
1077,150,1
1114,150,1
914,150,1
1796,150,1
1818,150,1
1515,150,1
1952,150,1
1272,151,1
925,151,1
2211,151,1
729,151,1
2058,151,1
1829,151,1
2042,151,1
785,151,1
1245,151,1
1571,151,1
270,151,1
2085,151,1
522,151,1
1529,151,1
2166,151,1
1288,151,1
648,151,1
1575,151,1
435,151,1
1867,151,1
2229,151,1
1710,151,1
1492,151,1
1497,151,1
2089,151,1
1788,152,1
1837,152,1
1155,152,1
52,152,1
137,152,1
378,152,1
252,152,1
706,153,1
1092,153,1
1032,153,1
696,153,1
1522,153,1
1680,153,1
1325,153,1
1948,153,1
2220,153,1
1155,153,1
306,153,1
1962,153,1
1797,153,1
187,153,1
412,153,1
2231,153,1
1372,153,1
200,153,1
624,153,1
2112,153,1
320,153,1
1089,153,1
1938,153,1
1516,153,1
794,153,1
1305,153,1
2338,153,1
1587,153,1
4,153,1
1074,153,1
1846,153,1
1892,153,1
1112,153,1
1754,153,1
2223,153,1
2328,153,1
1084,153,1
1294,153,1
463,153,1
201,153,1
1607,153,1
1802,153,1
791,153,1
389,153,1
1304,153,1
127,153,1
1206,153,1
85,153,1
487,153,1
691,153,1
1935,153,1
2212,153,1
2312,153,1
107,153,1
1090,153,1
1844,153,1
939,153,1
2120,153,1
581,153,1
970,153,1
2000,153,1
1377,153,1
1674,153,1
2292,153,1
1076,153,1
1067,153,1
156,153,1
2273,153,1
2013,153,1
257,154,1
1771,155,1
1797,155,1
187,155,1
512,155,1
1372,155,1
2220,155,1
320,155,1
2374,155,1
2227,155,1
2305,155,1
794,155,1
2317,155,1
2338,155,1
4,155,1
1074,155,1
1377,155,1
1892,155,1
127,155,1
1112,155,1
1846,155,1
491,155,1
2328,155,1
2196,155,1
1998,155,1
1294,155,1
1792,155,1
1639,155,1
1447,155,1
201,155,1
1801,155,1
1062,155,1
76,155,1
1607,155,1
1304,155,1
686,155,1
2212,155,1
2312,155,1
107,155,1
238,155,1
1090,155,1
309,155,1
1189,155,1
1844,155,1
955,155,1
574,155,1
2000,155,1
1258,155,1
2145,155,1
153,155,1
1067,155,1
69,155,1
2029,155,1
156,155,1
720,155,1
2154,155,1
1740,155,1
914,155,1
1818,155,1
341,155,1
1084,156,1
1298,156,1
101,156,1
415,156,1
65,156,1
751,156,1
1380,156,1
2342,156,1
30,156,1
559,156,1
286,156,1
477,156,1
774,156,1
220,156,1
1272,156,1
968,156,1
509,156,1
843,156,1
1642,156,1
2316,156,1
526,156,1
729,156,1
2343,156,1
1211,156,1
1142,156,1
565,156,1
2386,156,1
1692,156,1
2058,156,1
929,156,1
794,156,1
1179,156,1
112,156,1
804,156,1
1074,156,1
1795,156,1
11,156,1
1512,156,1
2184,156,1
1767,156,1
2383,156,1
710,156,1
142,156,1
1091,156,1
1196,156,1
1519,156,1
1049,156,1
1460,156,1
1224,156,1
343,156,1
785,156,1
1608,156,1
237,156,1
85,156,1
311,156,1
229,156,1
732,156,1
1081,156,1
364,156,1
1075,156,1
835,156,1
1247,156,1
341,156,1
382,156,1
1077,156,1
569,156,1
967,156,1
448,156,1
2323,156,1
573,156,1
2266,156,1
1383,156,1
547,156,1
939,156,1
1067,156,1
2263,156,1
345,156,1
1644,156,1
2388,156,1
2074,156,1
1288,156,1
714,156,1
274,156,1
1847,156,1
692,156,1
1721,156,1
572,156,1
980,156,1
1832,156,1
2346,156,1
1228,156,1
1545,157,1
841,157,1
1071,157,1
1442,157,1
1842,157,1
1444,157,1
1398,157,1
1728,157,1
2280,157,1
364,157,1
103,157,1
1451,157,1
155,157,1
929,157,1
312,157,1
186,157,1
1167,157,1
1281,157,1
324,157,1
960,157,1
1909,157,1
2058,157,1
1930,157,1
357,157,1
455,157,1
1671,157,1
2328,157,1
941,157,1
291,157,1
1448,157,1
1666,157,1
2057,157,1
785,157,1
1871,157,1
159,157,1
2175,157,1
660,157,1
305,157,1
1447,157,1
583,157,1
1861,157,1
85,157,1
226,157,1
150,157,1
750,157,1
1985,157,1
472,157,1
1019,157,1
96,157,1
229,157,1
1215,157,1
1598,157,1
1840,157,1
2166,157,1
714,157,1
508,157,1
1844,157,1
1322,157,1
1408,157,1
2230,157,1
1288,157,1
489,157,1
957,157,1
815,157,1
1191,157,1
1210,157,1
2094,157,1
175,157,1
1589,157,1
985,157,1
810,157,1
2071,157,1
2358,157,1
2382,157,1
715,157,1
1992,157,1
1935,157,1
544,157,1
2183,157,1
1881,157,1
272,157,1
565,157,1
365,157,1
2346,157,1
1123,157,1
1490,157,1
1525,157,1
2070,157,1
805,157,1
424,157,1
2167,157,1
2426,157,1
2340,158,1
762,158,1
1015,158,1
1384,158,1
303,158,1
56,158,1
1590,158,1
981,158,1
1617,158,1
1497,158,1
1350,158,1
2369,158,1
1921,158,1
1738,158,1
1074,158,1
1604,158,1
1084,158,1
444,158,1
360,158,1
2181,158,1
1437,158,1
2361,158,1
2075,158,1
2148,158,1
2279,158,1
1530,158,1
96,158,1
1282,158,1
1103,158,1
2159,158,1
1986,158,1
3,158,1
1960,158,1
171,158,1
524,158,1
554,158,1
2382,158,1
632,158,1
1275,158,1
1094,158,1
2205,158,1
867,158,1
2190,158,1
1498,158,1
2195,158,1
230,158,1
1711,158,1
416,158,1
380,158,1
846,158,1
1734,158,1
2244,158,1
1881,158,1
308,158,1
1395,158,1
1483,158,1
1492,158,1
379,158,1
391,158,1
1177,158,1
152,158,1
1826,158,1
1016,158,1
862,158,1
1202,159,1
26,159,1
2298,159,1
2234,159,1
2058,159,1
804,159,1
1271,159,1
1474,159,1
2417,159,1
785,159,1
1800,159,1
1107,159,1
1686,159,1
552,159,1
2085,159,1
2270,159,1
1421,159,1
222,159,1
2166,159,1
1031,159,1
1563,159,1
959,159,1
1612,159,1
2216,159,1
1575,159,1
435,159,1
2184,159,1
2360,159,1
2229,159,1
792,159,1
913,159,1
1171,160,1
1421,160,1
313,160,1
663,160,1
2322,160,1
1299,160,1
2075,160,1
714,160,1
108,160,1
127,160,1
690,160,1
643,160,1
342,160,1
107,160,1
1725,160,1
165,160,1
543,160,1
1867,160,1
2307,160,1
944,160,1
187,161,1
1444,161,1
1985,161,1
2082,161,1
1825,161,1
143,161,1
945,161,1
242,161,1
736,161,1
142,161,1
643,161,1
127,161,1
2155,161,1
681,161,1
1001,161,1
1502,161,1
850,161,1
2184,161,1
1074,161,1
1528,161,1
245,161,1
1865,161,1
2228,161,1
1952,161,1
1125,161,1
1545,162,1
1311,162,1
415,162,1
97,162,1
30,162,1
123,162,1
2137,162,1
1554,162,1
124,162,1
454,162,1
0,162,1
755,162,1
2255,162,1
1293,162,1
1371,162,1
32,162,1
1444,162,1
1642,162,1
2168,162,1
26,162,1
2370,162,1
1756,162,1
45,162,1
475,162,1
984,162,1
1053,162,1
1853,162,1
526,162,1
566,162,1
729,162,1
1713,162,1
1590,162,1
2062,162,1
870,162,1
1838,162,1
768,162,1
2417,162,1
1889,162,1
892,162,1
289,162,1
1989,162,1
1599,162,1
1532,162,1
35,162,1
812,162,1
1384,162,1
2066,162,1
498,162,1
1617,162,1
385,162,1
1900,162,1
899,162,1
2418,162,1
2238,162,1
929,162,1
1084,162,1
1102,162,1
794,162,1
1630,162,1
2056,162,1
1955,162,1
1919,162,1
1376,162,1
2022,162,1
326,162,1
969,162,1
1250,162,1
2101,162,1
1580,162,1
2386,162,1
804,162,1
1795,162,1
1942,162,1
109,162,1
2377,162,1
1010,162,1
480,162,1
383,162,1
1582,162,1
901,162,1
509,162,1
25,162,1
1521,162,1
1363,162,1
740,162,1
2340,162,1
2015,162,1
462,162,1
2192,162,1
1872,162,1
2024,162,1
1512,162,1
1692,162,1
142,162,1
1987,162,1
1175,162,1
1637,162,1
1783,162,1
1712,162,1
789,162,1
2239,162,1
268,162,1
1091,162,1
1267,162,1
1689,162,1
341,162,1
1892,162,1
1290,162,1
915,162,1
1342,162,1
1196,162,1
2361,162,1
593,162,1
663,162,1
1747,162,1
1261,162,1
1483,162,1
1059,162,1
2196,162,1
188,162,1
797,162,1
1180,162,1
1720,162,1
1534,162,1
806,162,1
997,162,1
642,162,1
140,162,1
1460,162,1
1097,162,1
659,162,1
1476,162,1
127,162,1
1471,162,1
343,162,1
1829,162,1
39,162,1
1077,162,1
1685,162,1
2156,162,1
237,162,1
741,162,1
363,162,1
874,162,1
162,162,1
811,162,1
1632,162,1
111,162,1
941,162,1
150,162,1
1493,162,1
1461,162,1
759,162,1
229,162,1
2128,162,1
1019,162,1
340,162,1
1350,162,1
301,162,1
1397,162,1
570,162,1
2212,162,1
1541,162,1
388,162,1
1365,162,1
2297,162,1
1049,162,1
493,162,1
311,162,1
1068,162,1
569,162,1
489,162,1
448,162,1
880,162,1
1081,162,1
1723,162,1
2426,162,1
160,162,1
1813,162,1
596,162,1
1506,162,1
508,162,1
1960,162,1
2378,162,1
1042,162,1
957,162,1
1571,162,1
2075,162,1
1653,162,1
1612,162,1
1000,162,1
547,162,1
2175,162,1
714,162,1
802,162,1
757,162,1
1478,162,1
406,162,1
2371,162,1
2230,162,1
1001,162,1
1644,162,1
713,162,1
2382,162,1
1017,162,1
1094,162,1
2074,162,1
1078,162,1
1687,162,1
2209,162,1
499,162,1
1847,162,1
2096,162,1
1457,162,1
177,162,1
2000,162,1
850,162,1
2250,162,1
1803,162,1
1355,162,1
1832,162,1
1220,162,1
1219,162,1
175,162,1
1520,162,1
727,162,1
1098,162,1
2253,162,1
2017,162,1
1075,162,1
1497,162,1
298,162,1
261,162,1
918,162,1
523,162,1
272,162,1
565,162,1
845,162,1
2045,162,1
1319,162,1
1191,162,1
1865,162,1
365,162,1
379,162,1
1648,162,1
1641,162,1
780,162,1
474,162,1
2208,162,1
2302,162,1
126,162,1
1835,162,1
1850,162,1
2379,162,1
914,162,1
1693,162,1
724,162,1
1818,162,1
122,162,1
1254,162,1
1996,162,1
1458,162,1
1104,163,1
407,163,1
830,163,1
1135,163,1
1853,163,1
267,163,1
1255,163,1
1066,163,1
321,163,1
1587,163,1
619,163,1
2392,163,1
554,163,1
551,163,1
845,163,1
390,163,1
1114,163,1
1332,163,1
370,164,1
629,164,1
1808,164,1
377,164,1
2125,164,1
352,164,1
1382,164,1
1416,164,1
1341,164,1
2365,164,1
2185,164,1
1545,164,1
127,164,1
1493,164,1
1538,164,1
581,164,1
2315,164,1
1737,164,1
468,164,1
982,164,1
1377,164,1
2212,164,1
1002,164,1
2085,164,1
601,164,1
1739,164,1
2000,164,1
579,164,1
1205,164,1
1598,164,1
1182,164,1
1405,164,1
1911,164,1
300,164,1
675,164,1
2107,164,1
1209,164,1
629,165,1
977,165,1
1844,165,1
1524,165,1
299,165,1
2185,165,1
1571,166,1
1071,166,1
1037,166,1
1074,166,1
1298,166,1
1697,166,1
1658,166,1
836,166,1
549,166,1
1958,166,1
2300,166,1
1962,166,1
824,166,1
611,166,1
1890,166,1
1590,166,1
987,166,1
959,166,1
1398,166,1
743,166,1
1469,166,1
1964,166,1
939,166,1
575,166,1
1893,166,1
955,166,1
1218,166,1
2219,166,1
2284,166,1
752,166,1
1152,166,1
2363,166,1
1762,166,1
352,166,1
446,166,1
441,166,1
1910,166,1
456,166,1
988,166,1
562,166,1
588,166,1
1342,166,1
1765,166,1
2411,166,1
593,166,1
844,166,1
263,166,1
1375,166,1
1997,166,1
1467,166,1
1484,166,1
350,166,1
890,166,1
203,166,1
2007,166,1
891,166,1
2270,166,1
2085,166,1
600,166,1
27,166,1
127,166,1
231,166,1
1369,166,1
742,166,1
1009,166,1
2280,166,1
1581,166,1
1851,166,1
2245,166,1
1203,166,1
796,166,1
1473,166,1
622,166,1
1723,166,1
2166,166,1
1587,166,1
795,166,1
1488,166,1
664,166,1
1960,166,1
1278,166,1
1422,166,1
225,166,1
831,166,1
2175,166,1
909,166,1
2027,166,1
1790,166,1
1084,166,1
2233,166,1
1444,166,1
2135,166,1
1908,166,1
1805,166,1
28,166,1
482,166,1
287,166,1
12,166,1
1426,166,1
544,166,1
329,166,1
1094,166,1
719,166,1
2382,166,1
100,166,1
2358,166,1
754,166,1
1024,166,1
675,166,1
149,166,1
1016,166,1
1525,166,1
1323,166,1
1796,166,1
1029,166,1
92,167,1
1515,167,1
1327,167,1
553,167,1
1956,167,1
870,167,1
1388,167,1
103,167,1
18,167,1
801,167,1
2057,167,1
2417,167,1
50,167,1
1584,167,1
76,167,1
1844,167,1
630,167,1
1511,168,1
1413,168,1
1223,168,1
2191,168,1
1105,168,1
1660,168,1
2382,168,1
1583,168,1
693,168,1
105,169,1
179,169,1
1927,169,1
1217,169,1
1587,169,1
645,169,1
752,169,1
1742,169,1
1541,169,1
628,169,1
2018,169,1
1815,169,1
2050,169,1
476,169,1
437,169,1
1544,169,1
2295,169,1
1575,169,1
303,169,1
1867,169,1
801,169,1
1501,169,1
1116,170,1
376,170,1
234,170,1
1621,170,1
1171,170,1
937,170,1
1099,170,1
1515,170,1
1387,170,1
2385,170,1
2294,170,1
932,170,1
2162,170,1
357,170,1
621,170,1
412,170,1
804,170,1
355,170,1
2355,170,1
1516,170,1
2202,170,1
441,170,1
1541,170,1
813,170,1
166,170,1
1632,170,1
2085,170,1
1610,170,1
1590,171,1
2220,171,1
319,171,1
947,171,1
1531,171,1
376,171,1
142,171,1
1104,171,1
1261,171,1
746,171,1
2100,171,1
1470,171,1
1755,171,1
178,171,1
2340,171,1
335,172,1
774,172,1
1083,172,1
1079,172,1
882,172,1
97,172,1
1824,172,1
1311,172,1
30,172,1
353,172,1
2137,172,1
1554,172,1
407,172,1
1781,172,1
116,172,1
328,172,1
1467,172,1
1272,172,1
1267,172,1
1293,172,1
1200,172,1
32,172,1
2168,172,1
2381,172,1
509,172,1
81,172,1
2316,172,1
2342,172,1
729,172,1
87,172,1
1590,172,1
1196,172,1
2062,172,1
1226,172,1
1333,172,1
275,172,1
892,172,1
1211,172,1
1532,172,1
498,172,1
1617,172,1
1689,172,1
2118,172,1
899,172,1
2374,172,1
1292,172,1
924,172,1
1545,172,1
794,172,1
929,172,1
2261,172,1
1630,172,1
856,172,1
2058,172,1
2327,172,1
2022,172,1
2306,172,1
2201,172,1
1919,172,1
1250,172,1
1795,172,1
1010,172,1
480,172,1
2240,172,1
1692,172,1
2355,172,1
1978,172,1
1738,172,1
1918,172,1
462,172,1
2328,172,1
1872,172,1
1712,172,1
1213,172,1
1806,172,1
1290,172,1
1871,172,1
2262,172,1
1902,172,1
1342,172,1
593,172,1
327,172,1
799,172,1
188,172,1
159,172,1
1180,172,1
642,172,1
140,172,1
665,172,1
1460,172,1
857,172,1
1476,172,1
1767,172,1
127,172,1
350,172,1
1563,172,1
39,172,1
785,172,1
1685,172,1
2237,172,1
85,172,1
1081,172,1
821,172,1
162,172,1
334,172,1
388,172,1
1035,172,1
1044,172,1
150,172,1
111,172,1
2100,172,1
1854,172,1
1537,172,1
229,172,1
658,172,1
900,172,1
864,172,1
2218,172,1
522,172,1
1706,172,1
2075,172,1
1365,172,1
1421,172,1
714,172,1
1485,172,1
1478,172,1
1049,172,1
493,172,1
1068,172,1
835,172,1
1146,172,1
569,172,1
828,172,1
967,172,1
2266,172,1
1084,172,1
448,172,1
2166,172,1
160,172,1
1719,172,1
1418,172,1
1813,172,1
460,172,1
1960,172,1
2378,172,1
1864,172,1
1847,172,1
1383,172,1
2175,172,1
1252,172,1
1279,172,1
689,172,1
244,172,1
287,172,1
1646,172,1
2371,172,1
1506,172,1
713,172,1
1001,172,1
2027,172,1
345,172,1
1644,172,1
15,172,1
2074,172,1
248,172,1
1249,172,1
1054,172,1
827,172,1
1457,172,1
544,172,1
2250,172,1
1867,172,1
1803,172,1
780,172,1
1347,172,1
1045,172,1
382,172,1
1219,172,1
252,172,1
572,172,1
1320,172,1
380,172,1
1098,172,1
2017,172,1
949,172,1
1497,172,1
489,172,1
1935,172,1
1832,172,1
523,172,1
1492,172,1
1969,172,1
2302,172,1
565,172,1
259,172,1
845,172,1
1733,172,1
1887,172,1
1943,172,1
2382,172,1
1483,172,1
2045,172,1
317,172,1
474,172,1
288,172,1
126,172,1
2284,172,1
1465,172,1
1265,172,1
683,172,1
1796,172,1
2379,172,1
1319,172,1
279,172,1
1693,172,1
1818,172,1
338,172,1
737,172,1
1764,173,1
2220,173,1
762,173,1
995,173,1
2137,173,1
135,173,1
1237,173,1
2081,173,1
1333,173,1
981,173,1
1384,173,1
1800,173,1
507,173,1
899,173,1
2369,173,1
142,173,1
1692,173,1
360,173,1
2215,173,1
927,173,1
813,173,1
2361,173,1
1814,173,1
2244,173,1
237,173,1
194,173,1
1498,173,1
1963,173,1
359,173,1
1815,173,1
1668,173,1
1862,173,1
1921,173,1
2322,173,1
502,173,1
1080,173,1
1574,173,1
2205,173,1
1350,173,1
2195,173,1
1734,173,1
846,173,1
252,173,1
1881,173,1
1403,173,1
1527,173,1
1492,173,1
308,173,1
391,173,1
1177,173,1
1826,173,1
1048,173,1
1016,173,1
92,174,1
707,174,1
793,174,1
2220,174,1
610,174,1
135,174,1
977,174,1
1775,174,1
1074,174,1
1179,174,1
1580,174,1
1630,174,1
354,174,1
357,174,1
512,174,1
2324,174,1
1786,174,1
2319,174,1
341,174,1
182,174,1
1084,174,1
1300,174,1
339,174,1
170,174,1
2328,174,1
1960,174,1
1207,174,1
203,174,1
1750,174,1
957,174,1
489,174,1
1869,174,1
222,174,1
311,174,1
1383,174,1
1732,174,1
61,174,1
1045,174,1
2163,174,1
1440,174,1
2409,174,1
157,174,1
980,174,1
1592,174,1
1589,174,1
1249,174,1
2070,174,1
1621,175,1
526,175,1
456,175,1
81,175,1
1304,175,1
2234,175,1
2139,175,1
913,175,1
400,175,1
1512,175,1
1903,175,1
1421,175,1
1899,175,1
127,175,1
2057,175,1
1427,175,1
468,175,1
1572,175,1
524,175,1
2085,175,1
1501,175,1
2389,175,1
792,175,1
261,175,1
608,175,1
149,175,1
899,175,1
2149,175,1
914,175,1
1701,175,1
920,176,1
196,176,1
521,176,1
977,176,1
1083,176,1
739,176,1
235,176,1
1384,176,1
10,176,1
2342,176,1
843,176,1
454,176,1
381,176,1
777,176,1
625,176,1
614,176,1
667,176,1
803,176,1
1923,176,1
984,176,1
1444,176,1
2214,176,1
654,176,1
2332,176,1
486,176,1
2062,176,1
200,176,1
1099,176,1
1009,176,1
481,176,1
1243,176,1
328,176,1
1890,176,1
1588,176,1
1956,176,1
1838,176,1
2384,176,1
904,176,1
62,176,1
2331,176,1
276,176,1
2338,176,1
1299,176,1
677,176,1
1376,176,1
794,176,1
1406,176,1
2261,176,1
324,176,1
377,176,1
168,176,1
1449,176,1
1250,176,1
103,176,1
203,176,1
1003,176,1
1221,176,1
902,176,1
1268,176,1
2365,176,1
883,176,1
710,176,1
1653,176,1
752,176,1
2290,176,1
1670,176,1
1117,176,1
1837,176,1
357,176,1
2196,176,1
1767,176,1
988,176,1
212,176,1
1545,176,1
210,176,1
273,176,1
2417,176,1
639,176,1
1373,176,1
1993,176,1
2362,176,1
2107,176,1
155,176,1
209,176,1
1062,176,1
1961,176,1
47,176,1
1730,176,1
39,176,1
1737,176,1
1991,176,1
398,176,1
127,176,1
776,176,1
1224,176,1
1195,176,1
311,176,1
2032,176,1
414,176,1
907,176,1
1517,176,1
694,176,1
1844,176,1
1804,176,1
888,176,1
678,176,1
1504,176,1
1481,176,1
2020,176,1
2002,176,1
316,176,1
2275,176,1
1851,176,1
2085,176,1
1149,176,1
107,176,1
915,176,1
1908,176,1
508,176,1
1985,176,1
2175,176,1
1076,176,1
516,176,1
1973,176,1
2120,176,1
2376,176,1
1335,176,1
1276,176,1
2307,176,1
2288,176,1
1502,176,1
579,176,1
936,176,1
1074,176,1
1110,176,1
1897,176,1
1760,176,1
1967,176,1
529,176,1
1067,176,1
1624,176,1
1143,176,1
1395,176,1
719,176,1
878,176,1
1011,176,1
265,176,1
798,176,1
100,176,1
2069,176,1
252,176,1
1592,176,1
1647,176,1
288,176,1
672,176,1
1911,176,1
403,176,1
805,176,1
1323,176,1
1197,176,1
1907,176,1
724,176,1
584,176,1
2068,176,1
1183,176,1
1297,176,1
836,177,1
955,177,1
1541,177,1
507,177,1
785,177,1
2335,178,1
1778,178,1
299,178,1
202,178,1
2196,178,1
1545,178,1
1787,178,1
1617,178,1
2315,178,1
982,178,1
2212,178,1
1993,178,1
1017,178,1
2085,178,1
607,178,1
1971,178,1
1994,178,1
948,178,1
300,178,1
1169,178,1
1844,179,1
2011,179,1
1545,179,1
841,179,1
1786,179,1
1381,179,1
1842,179,1
2177,179,1
1285,179,1
959,179,1
158,179,1
892,179,1
1829,179,1
1105,179,1
2280,179,1
155,179,1
812,179,1
605,179,1
186,179,1
582,179,1
324,179,1
2388,179,1
1281,179,1
2035,179,1
1909,179,1
1449,179,1
357,179,1
1617,179,1
1840,179,1
1666,179,1
1768,179,1
283,179,1
785,179,1
258,179,1
2200,179,1
2018,179,1
2267,179,1
238,179,1
828,179,1
2036,179,1
1960,179,1
227,179,1
877,179,1
1288,179,1
1565,179,1
268,179,1
1460,179,1
544,179,1
2008,179,1
435,179,1
365,179,1
985,179,1
2345,179,1
2268,179,1
1185,179,1
869,179,1
610,180,1
569,180,1
2064,180,1
1105,180,1
76,180,1
1483,180,1
1510,180,1
434,181,1
1985,181,1
2363,181,1
1958,181,1
1233,181,1
30,181,1
1071,181,1
1187,181,1
1444,181,1
1779,181,1
2335,181,1
2321,181,1
473,181,1
1274,181,1
357,181,1
1281,181,1
324,181,1
2058,181,1
1800,181,1
2134,181,1
1671,181,1
714,181,1
1892,181,1
1725,181,1
2319,181,1
748,181,1
2014,181,1
1545,181,1
1666,181,1
39,181,1
2371,181,1
1617,181,1
2175,181,1
583,181,1
1632,181,1
1861,181,1
1367,181,1
85,181,1
394,181,1
1716,181,1
482,181,1
1732,181,1
957,181,1
1220,181,1
842,181,1
2325,181,1
380,181,1
1687,181,1
2382,181,1
1935,181,1
565,181,1
1596,181,1
1624,181,1
2403,181,1
878,181,1
2379,181,1
666,181,1
609,181,1
920,182,1
1014,182,1
892,182,1
899,182,1
169,182,1
794,182,1
2134,182,1
357,182,1
307,182,1
714,182,1
1572,182,1
423,182,1
659,182,1
1681,182,1
203,182,1
1484,182,1
127,182,1
1747,182,1
1805,182,1
1984,182,1
1985,182,1
546,182,1
1434,182,1
939,182,1
1587,182,1
910,182,1
2043,182,1
1540,182,1
82,182,1
2145,182,1
701,182,1
2398,182,1
153,182,1
178,182,1
1140,182,1
2399,182,1
511,182,1
248,182,1
483,182,1
1722,182,1
805,182,1
340,183,1
407,183,1
697,183,1
892,183,1
1982,183,1
1784,183,1
203,183,1
1522,183,1
1689,183,1
1725,183,1
237,183,1
1493,183,1
1392,183,1
301,183,1
1068,183,1
291,183,1
106,183,1
1215,183,1
2123,183,1
714,183,1
2091,183,1
1221,183,1
1564,183,1
1818,183,1
1071,184,1
2220,184,1
1771,184,1
2196,184,1
396,184,1
1547,185,1
590,185,1
882,185,1
97,185,1
568,185,1
1071,185,1
30,185,1
841,185,1
2011,185,1
1545,185,1
2255,185,1
192,185,1
1108,185,1
54,185,1
1842,185,1
1444,185,1
729,185,1
2335,185,1
1893,185,1
1875,185,1
1620,185,1
2177,185,1
2062,185,1
1728,185,1
1980,185,1
959,185,1
651,185,1
1829,185,1
1892,185,1
929,185,1
1262,185,1
411,185,1
186,185,1
312,185,1
357,185,1
991,185,1
1281,185,1
1516,185,1
1167,185,1
908,185,1
377,185,1
2058,185,1
89,185,1
1930,185,1
800,185,1
2281,185,1
155,185,1
638,185,1
2196,185,1
2036,185,1
2014,185,1
1224,185,1
1300,185,1
4,185,1
790,185,1
2328,185,1
319,185,1
350,185,1
2057,185,1
626,185,1
1471,185,1
2073,185,1
860,185,1
305,185,1
785,185,1
2007,185,1
1247,185,1
1447,185,1
39,185,1
2175,185,1
1020,185,1
1688,185,1
1367,185,1
226,185,1
2200,185,1
150,185,1
1215,185,1
1073,185,1
915,185,1
540,185,1
2260,185,1
2267,185,1
714,185,1
828,185,1
1000,185,1
1149,185,1
2043,185,1
1844,185,1
1227,185,1
2046,185,1
256,185,1
1666,185,1
1288,185,1
489,185,1
524,185,1
957,185,1
16,185,1
815,185,1
880,185,1
1191,185,1
73,185,1
205,185,1
579,185,1
2145,185,1
1198,185,1
1403,185,1
842,185,1
1908,185,1
2017,185,1
1935,185,1
544,185,1
2183,185,1
565,185,1
2345,185,1
344,185,1
832,185,1
365,185,1
2282,185,1
2123,185,1
1645,185,1
1123,185,1
2008,185,1
1265,185,1
2382,185,1
805,185,1
1076,185,1
2149,185,1
92,186,1
706,186,1
2420,186,1
2342,186,1
26,186,1
2376,186,1
1421,186,1
1532,186,1
1409,186,1
639,186,1
89,186,1
2126,186,1
357,186,1
1171,186,1
2085,186,1
1107,186,1
154,186,1
2196,186,1
1729,186,1
1431,186,1
709,186,1
819,186,1
540,186,1
1275,186,1
1866,186,1
2280,186,1
635,186,1
1658,186,1
85,186,1
1201,186,1
1103,186,1
1123,186,1
721,186,1
2111,186,1
2391,186,1
1954,186,1
420,186,1
1820,186,1
554,186,1
394,186,1
2091,186,1
1009,186,1
1507,186,1
1758,186,1
536,186,1
1730,186,1
233,186,1
1343,187,1
1074,187,1
1306,187,1
434,187,1
728,187,1
1621,187,1
1171,187,1
2136,187,1
549,187,1
88,187,1
1958,187,1
824,187,1
1629,187,1
1289,187,1
987,187,1
1398,187,1
1378,187,1
700,187,1
1951,187,1
103,187,1
84,187,1
4,187,1
2155,187,1
333,187,1
1512,187,1
804,187,1
1416,187,1
1218,187,1
1516,187,1
547,187,1
639,187,1
906,187,1
920,187,1
1762,187,1
352,187,1
1477,187,1
2181,187,1
1689,187,1
588,187,1
1342,187,1
2280,187,1
1800,187,1
1008,187,1
593,187,1
187,187,1
844,187,1
628,187,1
393,187,1
785,187,1
280,187,1
813,187,1
890,187,1
1115,187,1
1467,187,1
659,187,1
796,187,1
2131,187,1
2085,187,1
600,187,1
197,187,1
670,187,1
2312,187,1
1064,187,1
2112,187,1
1173,187,1
1203,187,1
2245,187,1
163,187,1
2147,187,1
1775,187,1
2166,187,1
986,187,1
448,187,1
1643,187,1
1587,187,1
795,187,1
989,187,1
1515,187,1
1985,187,1
821,187,1
1488,187,1
955,187,1
2036,187,1
222,187,1
690,187,1
1012,187,1
664,187,1
409,187,1
540,187,1
1661,187,1
1844,187,1
256,187,1
225,187,1
865,187,1
2175,187,1
437,187,1
2295,187,1
1790,187,1
579,187,1
936,187,1
1238,187,1
2233,187,1
1017,187,1
1208,187,1
1954,187,1
1444,187,1
767,187,1
2135,187,1
413,187,1
702,187,1
15,187,1
2184,187,1
442,187,1
28,187,1
175,187,1
2000,187,1
1403,187,1
1571,187,1
12,187,1
1924,187,1
245,187,1
822,187,1
544,187,1
1094,187,1
1648,187,1
1564,187,1
2382,187,1
151,187,1
961,187,1
1758,187,1
1724,187,1
905,187,1
1016,187,1
720,187,1
1197,187,1
1796,187,1
1029,187,1
1904,187,1
1818,187,1
620,187,1
1331,187,1
491,188,1
303,188,1
1524,188,1
892,188,1
1511,188,1
186,188,1
1726,188,1
2319,188,1
817,188,1
227,188,1
1133,188,1
414,188,1
776,188,1
1844,188,1
1053,188,1
252,188,1
905,188,1
1191,188,1
268,189,1
1053,189,1
2137,189,1
2011,189,1
1444,189,1
1223,189,1
2333,189,1
873,189,1
1329,189,1
915,189,1
794,189,1
412,189,1
1351,189,1
714,189,1
1156,189,1
1902,189,1
1949,189,1
1041,189,1
463,189,1
659,189,1
2314,189,1
487,189,1
1367,189,1
1716,189,1
2175,189,1
939,189,1
1084,189,1
2190,189,1
985,189,1
865,189,1
372,189,1
1507,189,1
483,189,1
845,189,1
838,189,1
2284,189,1
1515,189,1
8,189,1
1325,190,1
1381,190,1
2009,190,1
1093,190,1
2339,190,1
81,190,1
196,190,1
1321,190,1
2390,190,1
1532,190,1
1822,190,1
1672,190,1
357,190,1
1303,190,1
1747,190,1
537,190,1
1724,190,1
2085,190,1
410,190,1
154,190,1
203,190,1
1304,190,1
2280,190,1
954,190,1
2251,190,1
1855,190,1
656,190,1
1103,190,1
364,190,1
47,190,1
598,190,1
540,190,1
939,190,1
1954,190,1
437,190,1
703,190,1
1527,190,1
1084,190,1
1291,190,1
420,190,1
2178,190,1
252,190,1
554,190,1
120,190,1
2000,190,1
2253,190,1
259,190,1
245,190,1
2091,190,1
851,190,1
1265,190,1
2161,190,1
878,190,1
1866,190,1
1671,191,1
1630,191,1
354,191,1
957,191,1
1075,191,1
16,191,1
1854,191,1
1484,191,1
1732,191,1
61,191,1
2409,191,1
1380,192,1
1117,192,1
1040,192,1
610,192,1
1988,192,1
1669,192,1
441,192,1
1422,192,1
619,192,1
1393,192,1
530,192,1
2166,192,1
2241,192,1
543,192,1
957,192,1
2280,192,1
2344,192,1
1308,192,1
1148,192,1
2253,192,1
1265,192,1
447,192,1
737,192,1
1125,192,1
629,193,1
2011,193,1
2083,193,1
135,193,1
370,193,1
200,193,1
706,193,1
1545,193,1
1787,193,1
201,193,1
146,193,1
1493,193,1
2315,193,1
2085,193,1
1985,193,1
1739,193,1
982,193,1
1205,193,1
579,193,1
1971,193,1
1994,193,1
607,193,1
948,193,1
1911,193,1
46,193,1
300,193,1
198,193,1
340,194,1
407,194,1
1756,194,1
1511,194,1
1784,194,1
1573,194,1
1893,194,1
892,194,1
35,194,1
929,194,1
621,194,1
38,194,1
1995,194,1
108,194,1
1830,194,1
393,194,1
1689,194,1
1622,194,1
1392,194,1
301,194,1
690,194,1
2222,194,1
1571,194,1
2123,194,1
2194,194,1
2091,194,1
1749,194,1
1971,194,1
1221,194,1
252,194,1
2010,194,1
1068,194,1
126,194,1
1552,194,1
2011,195,1
1120,195,1
1515,195,1
65,195,1
127,195,1
1923,195,1
167,195,1
2352,195,1
164,195,1
1342,195,1
446,195,1
2057,195,1
721,195,1
155,195,1
1192,195,1
1877,195,1
1446,195,1
915,195,1
1488,195,1
1972,195,1
310,195,1
1501,195,1
916,195,1
121,195,1
1348,195,1
1614,195,1
2126,195,1
767,195,1
1844,196,1
680,197,1
2393,197,1
2146,197,1
135,197,1
1538,197,1
1590,197,1
1285,197,1
2321,197,1
299,197,1
168,197,1
2196,197,1
2185,197,1
1279,197,1
2314,197,1
37,197,1
2315,197,1
203,197,1
1636,197,1
629,197,1
2085,197,1
1787,197,1
533,198,1
1554,198,1
934,198,1
1712,198,1
81,198,1
968,198,1
1037,198,1
135,198,1
1777,198,1
1800,198,1
1599,198,1
2355,198,1
2324,198,1
426,198,1
482,198,1
2340,198,1
1395,198,1
222,198,1
1703,198,1
252,198,1
1249,198,1
1687,198,1
1578,198,1
920,199,1
892,199,1
81,199,1
1822,199,1
1303,199,1
1802,199,1
187,199,1
203,199,1
2280,199,1
2251,199,1
1103,199,1
1975,199,1
1123,199,1
598,199,1
540,199,1
420,199,1
554,199,1
1209,199,1
2091,199,1
259,199,1
1507,199,1
733,199,1
1866,199,1
2130,199,1
1359,200,1
2146,200,1
1781,200,1
1531,200,1
1037,201,1
1298,201,1
1413,201,1
1050,201,1
2011,201,1
1985,201,1
362,201,1
1545,201,1
97,201,1
30,201,1
1071,201,1
192,201,1
1923,201,1
1844,201,1
1436,201,1
1187,201,1
1444,201,1
1433,201,1
729,201,1
2335,201,1
1893,201,1
1779,201,1
753,201,1
959,201,1
510,201,1
1957,201,1
812,201,1
929,201,1
411,201,1
605,201,1
1421,201,1
312,201,1
357,201,1
582,201,1
1580,201,1
991,201,1
324,201,1
1281,201,1
960,201,1
377,201,1
176,201,1
2058,201,1
1560,201,1
1274,201,1
1167,201,1
89,201,1
1930,201,1
800,201,1
2281,201,1
155,201,1
2018,201,1
801,201,1
945,201,1
1894,201,1
638,201,1
2362,201,1
1770,201,1
2191,201,1
1105,201,1
1840,201,1
2328,201,1
2319,201,1
2288,201,1
39,201,1
920,201,1
4,201,1
626,201,1
1471,201,1
962,201,1
1005,201,1
305,201,1
785,201,1
1802,201,1
530,201,1
2175,201,1
852,201,1
1632,201,1
1367,201,1
85,201,1
1598,201,1
150,201,1
1019,201,1
316,201,1
1213,201,1
2166,201,1
714,201,1
489,201,1
540,201,1
2036,201,1
508,201,1
1960,201,1
1666,201,1
1288,201,1
74,201,1
810,201,1
880,201,1
815,201,1
205,201,1
2145,201,1
2358,201,1
193,201,1
1426,201,1
1377,201,1
544,201,1
2183,201,1
1881,201,1
565,201,1
1395,201,1
365,201,1
1867,201,1
1648,201,1
574,201,1
1791,201,1
1123,201,1
2008,201,1
1265,201,1
1911,201,1
2268,201,1
1311,202,1
836,202,1
2011,202,1
1467,202,1
1256,202,1
2168,202,1
526,202,1
2062,202,1
477,202,1
1764,202,1
1211,202,1
99,202,1
1847,202,1
565,202,1
1084,202,1
856,202,1
2386,202,1
1795,202,1
2377,202,1
480,202,1
1872,202,1
714,202,1
906,202,1
2328,202,1
1767,202,1
957,202,1
2262,202,1
1787,202,1
1902,202,1
593,202,1
1340,202,1
1548,202,1
1246,202,1
1725,202,1
1460,202,1
1476,202,1
127,202,1
349,202,1
785,202,1
657,202,1
2156,202,1
990,202,1
229,202,1
1019,202,1
1173,202,1
70,202,1
569,202,1
1960,202,1
1247,202,1
1864,202,1
1483,202,1
2323,202,1
815,202,1
1288,202,1
732,202,1
636,202,1
1644,202,1
278,202,1
1054,202,1
827,202,1
1457,202,1
383,202,1
2184,202,1
1528,202,1
1075,202,1
2266,202,1
1721,202,1
1219,202,1
1760,202,1
1570,202,1
2353,202,1
1492,202,1
1319,202,1
1884,202,1
961,202,1
2065,202,1
489,202,1
288,202,1
745,202,1
1428,202,1
1638,202,1
1265,202,1
1818,202,1
36,202,1
1234,202,1
1160,202,1
257,202,1
303,203,1
208,203,1
2306,203,1
1402,203,1
1521,203,1
127,203,1
2153,203,1
490,203,1
2376,203,1
1764,204,1
762,204,1
676,204,1
123,204,1
2137,204,1
1401,204,1
1781,204,1
1359,204,1
1014,204,1
1384,204,1
1835,204,1
1511,204,1
88,204,1
1675,204,1
135,204,1
56,204,1
526,204,1
1590,204,1
419,204,1
1873,204,1
1333,204,1
343,204,1
2081,204,1
920,204,1
981,204,1
1617,204,1
808,204,1
1788,204,1
1497,204,1
2144,204,1
1889,204,1
2118,204,1
1471,204,1
1292,204,1
899,204,1
1892,204,1
794,204,1
4,204,1
2058,204,1
972,204,1
2377,204,1
1709,204,1
2261,204,1
2355,204,1
1010,204,1
1363,204,1
901,204,1
2344,204,1
1074,204,1
384,204,1
1872,204,1
406,204,1
1692,204,1
736,204,1
360,204,1
1622,204,1
2053,204,1
616,204,1
194,204,1
444,204,1
1350,204,1
2215,204,1
694,204,1
553,204,1
818,204,1
2181,204,1
1437,204,1
927,204,1
75,204,1
2262,204,1
1441,204,1
1787,204,1
179,204,1
1834,204,1
2361,204,1
1245,204,1
1421,204,1
2340,204,1
1237,204,1
1084,204,1
1719,204,1
1530,204,1
2279,204,1
1052,204,1
237,204,1
351,204,1
1632,204,1
1282,204,1
503,204,1
1447,204,1
2381,204,1
150,204,1
1103,204,1
1963,204,1
1019,204,1
96,204,1
2159,204,1
359,204,1
1792,204,1
70,204,1
1446,204,1
821,204,1
569,204,1
2148,204,1
586,204,1
690,204,1
238,204,1
1768,204,1
1986,204,1
2166,204,1
1921,204,1
2075,204,1
1960,204,1
880,204,1
171,204,1
1802,204,1
524,204,1
448,204,1
1657,204,1
2382,204,1
502,204,1
717,204,1
699,204,1
632,204,1
846,204,1
2322,204,1
1965,204,1
1279,204,1
1094,204,1
1498,204,1
554,204,1
956,204,1
2205,204,1
1574,204,1
489,204,1
1959,204,1
2369,204,1
2195,204,1
380,204,1
1143,204,1
1190,204,1
1734,204,1
1395,204,1
2350,204,1
246,204,1
1527,204,1
591,204,1
1483,204,1
2087,204,1
252,204,1
1492,204,1
1191,204,1
379,204,1
1177,204,1
2346,204,1
152,204,1
1826,204,1
1048,204,1
1016,204,1
198,204,1
1881,204,1
2070,204,1
1450,204,1
1740,204,1
1114,204,1
1198,204,1
2062,205,1
1934,205,1
816,205,1
2352,205,1
1706,205,1
1113,205,1
779,205,1
893,205,1
1296,206,1
2248,207,1
407,207,1
1900,207,1
1829,207,1
1727,207,1
342,207,1
35,207,1
1560,207,1
1105,207,1
643,207,1
448,207,1
1001,207,1
690,207,1
1053,207,1
1542,207,1
1547,208,1
2011,208,1
1071,208,1
1444,208,1
644,208,1
582,208,1
809,208,1
419,209,1
268,209,1
2146,209,1
1444,209,1
2333,209,1
714,209,1
1471,209,1
1949,209,1
376,209,1
659,209,1
201,209,1
1767,209,1
2011,210,1
2277,210,1
81,210,1
54,210,1
841,210,1
1398,210,1
1728,210,1
959,210,1
1395,210,1
562,210,1
357,210,1
1281,210,1
908,210,1
435,210,1
920,211,1
2220,211,1
1781,211,1
1071,211,1
1786,211,1
135,211,1
1590,211,1
1875,211,1
1500,211,1
196,211,1
4,211,1
1921,211,1
1872,211,1
588,211,1
2053,211,1
1279,211,1
27,211,1
2361,211,1
1658,211,1
1677,211,1
1447,211,1
1530,211,1
687,211,1
301,211,1
1867,211,1
391,211,1
1103,211,1
1026,211,1
2159,211,1
1084,211,1
2148,211,1
1965,211,1
1657,211,1
399,211,1
2205,211,1
314,211,1
722,211,1
489,211,1
792,211,1
1711,211,1
416,211,1
2280,211,1
1190,211,1
1497,211,1
1941,211,1
1047,211,1
533,212,1
2174,212,1
415,212,1
97,212,1
30,212,1
286,212,1
2137,212,1
1116,212,1
407,212,1
2011,212,1
1712,212,1
1467,212,1
803,212,1
21,212,1
1122,212,1
984,212,1
843,212,1
1853,212,1
475,212,1
313,212,1
741,212,1
1767,212,1
1713,212,1
1590,212,1
1892,212,1
729,212,1
510,212,1
2062,212,1
302,212,1
2310,212,1
1084,212,1
892,212,1
2294,212,1
1211,212,1
1599,212,1
1999,212,1
498,212,1
541,212,1
333,212,1
1361,212,1
1585,212,1
1741,212,1
794,212,1
1010,212,1
1703,212,1
1102,212,1
1580,212,1
2412,212,1
2056,212,1
2058,212,1
804,212,1
1250,212,1
2386,212,1
2034,212,1
1795,212,1
2377,212,1
480,212,1
1126,212,1
2088,212,1
1053,212,1
809,212,1
462,212,1
1872,212,1
2290,212,1
2230,212,1
721,212,1
1617,212,1
64,212,1
1287,212,1
537,212,1
2262,212,1
958,212,1
1761,212,1
1196,212,1
1902,212,1
427,212,1
2239,212,1
627,212,1
2100,212,1
1641,212,1
797,212,1
2196,212,1
2249,212,1
1460,212,1
659,212,1
1725,212,1
1747,212,1
127,212,1
1075,212,1
1636,212,1
571,212,1
2186,212,1
2347,212,1
785,212,1
864,212,1
600,212,1
1001,212,1
1750,212,1
957,212,1
1497,212,1
1452,212,1
363,212,1
162,212,1
732,212,1
1632,212,1
1367,212,1
1970,212,1
388,212,1
990,212,1
1093,212,1
2018,212,1
900,212,1
2098,212,1
206,212,1
2218,212,1
570,212,1
915,212,1
1985,212,1
341,212,1
1478,212,1
1049,212,1
1365,212,1
569,212,1
405,212,1
2380,212,1
578,212,1
573,212,1
448,212,1
655,212,1
1912,212,1
1960,212,1
1646,212,1
1864,212,1
547,212,1
880,212,1
2175,212,1
1990,212,1
1247,212,1
1279,212,1
1577,212,1
757,212,1
266,212,1
214,212,1
489,212,1
2371,212,1
1506,212,1
909,212,1
1045,212,1
499,212,1
345,212,1
1667,212,1
1644,212,1
2388,212,1
1094,212,1
2145,212,1
1760,212,1
1288,212,1
1004,212,1
1054,212,1
2132,212,1
1817,212,1
175,212,1
1457,212,1
278,212,1
780,212,1
589,212,1
1721,212,1
1219,212,1
2092,212,1
964,212,1
1935,212,1
714,212,1
692,212,1
274,212,1
2096,212,1
252,212,1
375,212,1
261,212,1
885,212,1
2295,212,1
1204,212,1
1184,212,1
1353,212,1
845,212,1
1733,212,1
1221,212,1
1884,212,1
1074,212,1
2005,212,1
701,212,1
536,212,1
1468,212,1
259,212,1
1671,212,1
1428,212,1
2382,212,1
1319,212,1
2406,212,1
126,212,1
55,212,1
1265,212,1
996,213,1
1545,213,1
515,213,1
1071,213,1
30,213,1
1844,213,1
454,213,1
2175,213,1
1444,213,1
2335,213,1
1445,213,1
2417,213,1
1875,213,1
1620,213,1
2177,213,1
2062,213,1
1890,213,1
357,213,1
1262,213,1
714,213,1
1281,213,1
324,213,1
1516,213,1
176,213,1
89,213,1
1671,213,1
1422,213,1
1224,213,1
4,213,1
1666,213,1
957,213,1
1471,213,1
860,213,1
619,213,1
530,213,1
358,213,1
2015,213,1
1073,213,1
1716,213,1
786,213,1
2166,213,1
1000,213,1
2036,213,1
1341,213,1
1945,213,1
74,213,1
489,213,1
1220,213,1
205,213,1
1001,213,1
2017,213,1
1935,213,1
719,213,1
265,213,1
2403,213,1
2360,213,1
2052,213,1
914,213,1
1648,213,1
1323,213,1
279,213,1
609,213,1
610,214,1
1117,214,1
1892,214,1
260,214,1
111,214,1
1000,214,1
1163,215,1
415,215,1
2094,215,1
97,215,1
2420,215,1
1384,215,1
2342,215,1
1919,215,1
60,215,1
286,215,1
1038,215,1
1116,215,1
736,215,1
1122,215,1
1495,215,1
1690,215,1
1053,215,1
729,215,1
2168,215,1
1767,215,1
26,215,1
509,215,1
825,215,1
124,215,1
1725,215,1
714,215,1
2424,215,1
2333,215,1
616,215,1
1472,215,1
1438,215,1
957,215,1
477,215,1
589,215,1
1003,215,1
1987,215,1
2383,215,1
2127,215,1
1787,215,1
963,216,1
794,216,1
1521,216,1
2140,216,1
619,216,1
1960,216,1
2077,216,1
1116,217,1
1786,217,1
452,217,1
1398,217,1
155,217,1
2310,217,1
1951,217,1
1074,217,1
932,217,1
84,217,1
2272,217,1
804,217,1
2184,217,1
2219,217,1
2053,217,1
1366,217,1
232,217,1
912,217,1
588,217,1
41,217,1
1354,217,1
105,217,1
1166,217,1
2275,217,1
958,217,1
2166,217,1
1960,217,1
1278,217,1
1288,217,1
1846,217,1
949,217,1
792,217,1
1977,217,1
913,217,1
1480,217,1
1515,217,1
1037,218,1
1116,218,1
977,218,1
1784,218,1
81,218,1
640,218,1
1371,218,1
925,218,1
2211,218,1
2024,218,1
2294,218,1
1074,218,1
2162,218,1
1429,218,1
409,218,1
932,218,1
1589,218,1
2227,218,1
18,218,1
2272,218,1
794,218,1
804,218,1
2058,218,1
1958,218,1
1829,218,1
3,218,1
357,218,1
355,218,1
1999,218,1
1831,218,1
1303,218,1
957,218,1
2085,218,1
1997,218,1
4,218,1
813,218,1
1587,218,1
1037,219,1
774,219,1
2174,219,1
1319,219,1
836,219,1
97,219,1
1983,219,1
30,219,1
559,219,1
652,219,1
2137,219,1
407,219,1
1161,219,1
667,219,1
1593,219,1
879,219,1
1853,219,1
32,219,1
984,219,1
1893,219,1
2144,219,1
26,219,1
135,219,1
1496,219,1
741,219,1
1038,219,1
2316,219,1
353,219,1
2342,219,1
526,219,1
1590,219,1
1334,219,1
729,219,1
2062,219,1
510,219,1
768,219,1
871,219,1
264,219,1
302,219,1
134,219,1
892,219,1
1545,219,1
2294,219,1
1966,219,1
2210,219,1
1532,219,1
1211,219,1
545,219,1
2118,219,1
1384,219,1
99,219,1
48,219,1
1689,219,1
2331,219,1
1999,219,1
35,219,1
1731,219,1
1086,219,1
1900,219,1
783,219,1
2047,219,1
176,219,1
2238,219,1
1010,219,1
929,219,1
2261,219,1
2058,219,1
1376,219,1
856,219,1
2223,219,1
541,219,1
190,219,1
2327,219,1
1580,219,1
2022,219,1
2386,219,1
1919,219,1
794,219,1
2055,219,1
1795,219,1
969,219,1
1250,219,1
2101,219,1
1058,219,1
1738,219,1
740,219,1
1847,219,1
1918,219,1
462,219,1
1142,219,1
34,219,1
1692,219,1
1872,219,1
2155,219,1
1443,219,1
1091,219,1
38,219,1
2215,219,1
2371,219,1
1720,219,1
1287,219,1
820,219,1
915,219,1
1682,219,1
2262,219,1
1289,219,1
593,219,1
1902,219,1
813,219,1
419,219,1
663,219,1
2361,219,1
1747,219,1
1304,219,1
1375,219,1
219,219,1
1725,219,1
140,219,1
1582,219,1
1460,219,1
1097,219,1
1677,219,1
659,219,1
2224,219,1
127,219,1
51,219,1
1829,219,1
1068,219,1
1641,219,1
657,219,1
785,219,1
1608,219,1
237,219,1
1750,219,1
864,219,1
2343,219,1
1678,219,1
394,219,1
162,219,1
623,219,1
1970,219,1
1563,219,1
150,219,1
2373,219,1
2100,219,1
750,219,1
2076,219,1
2218,219,1
1134,219,1
2098,219,1
707,219,1
1587,219,1
560,219,1
489,219,1
1784,219,1
1716,219,1
2148,219,1
1767,219,1
1084,219,1
1049,219,1
2094,219,1
311,219,1
835,219,1
1077,219,1
569,219,1
1506,219,1
1213,219,1
1651,219,1
598,219,1
1081,219,1
2166,219,1
655,219,1
1414,219,1
2239,219,1
1813,219,1
2266,219,1
1174,219,1
939,219,1
1960,219,1
2249,219,1
1324,219,1
903,219,1
959,219,1
547,219,1
1252,219,1
1493,219,1
524,219,1
2323,219,1
802,219,1
548,219,1
757,219,1
732,219,1
1644,219,1
1812,219,1
2382,219,1
2388,219,1
1733,219,1
815,219,1
933,219,1
1589,219,1
1094,219,1
2074,219,1
1215,219,1
2145,219,1
1761,219,1
1288,219,1
160,219,1
1775,219,1
130,219,1
214,219,1
1502,219,1
827,219,1
73,219,1
418,219,1
714,219,1
1457,219,1
544,219,1
722,219,1
383,219,1
2184,219,1
725,219,1
245,219,1
1528,219,1
1803,219,1
780,219,1
1279,219,1
382,219,1
1721,219,1
1219,219,1
2092,219,1
1486,219,1
1886,219,1
846,219,1
1080,219,1
727,219,1
2250,219,1
1001,219,1
2353,219,1
1832,219,1
918,219,1
565,219,1
1403,219,1
1592,219,1
1947,219,1
2067,219,1
467,219,1
2005,219,1
1201,219,1
1648,219,1
724,219,1
805,219,1
1265,219,1
2379,219,1
2426,219,1
610,220,1
1166,220,1
1033,220,1
539,220,1
448,220,1
1031,220,1
1001,220,1
241,220,1
554,220,1
1691,220,1
2091,220,1
199,220,1
1116,221,1
376,221,1
92,221,1
1163,221,1
1275,221,1
925,221,1
186,221,1
155,221,1
1171,221,1
62,221,1
726,221,1
1301,221,1
2058,221,1
2383,221,1
357,221,1
813,221,1
283,221,1
1477,221,1
2328,221,1
364,221,1
785,221,1
1431,221,1
1447,221,1
2117,221,1
2085,221,1
571,221,1
1844,221,1
2147,221,1
881,221,1
664,221,1
1661,221,1
1302,221,1
225,221,1
1288,221,1
2233,221,1
1575,221,1
435,221,1
801,221,1
1277,221,1
204,222,1
1547,223,1
1071,223,1
371,223,1
2026,223,1
1292,223,1
1545,223,1
945,223,1
1377,223,1
2057,223,1
962,223,1
2007,223,1
2166,223,1
1844,223,1
943,223,1
514,223,1
1539,223,1
90,223,1
2189,223,1
2077,223,1
565,223,1
985,223,1
2345,223,1
1490,223,1
920,224,1
196,224,1
977,224,1
1083,224,1
590,224,1
1009,224,1
419,224,1
843,224,1
454,224,1
1771,224,1
667,224,1
654,224,1
200,224,1
481,224,1
521,224,1
1635,224,1
904,224,1
179,224,1
1299,224,1
2261,224,1
324,224,1
168,224,1
1449,224,1
103,224,1
902,224,1
1268,224,1
752,224,1
782,224,1
1117,224,1
1837,224,1
83,224,1
1092,224,1
887,224,1
988,224,1
64,224,1
1276,224,1
47,224,1
1062,224,1
398,224,1
1598,224,1
127,224,1
1224,224,1
91,224,1
2166,224,1
1504,224,1
2020,224,1
448,224,1
2085,224,1
915,224,1
1985,224,1
2175,224,1
1961,224,1
1973,224,1
784,224,1
519,224,1
153,224,1
1377,224,1
529,224,1
1867,224,1
1624,224,1
1136,224,1
719,224,1
1011,224,1
265,224,1
1067,224,1
2067,224,1
851,224,1
848,224,1
1592,224,1
288,224,1
672,224,1
616,224,1
63,224,1
2068,224,1
1183,224,1
1297,224,1
491,225,1
1857,225,1
2313,225,1
1971,225,1
1034,225,1
707,225,1
2261,226,1
1305,226,1
2343,226,1
1074,227,1
1306,227,1
1452,227,1
965,227,1
2363,227,1
1958,227,1
1260,227,1
1744,227,1
726,227,1
1795,227,1
2058,227,1
376,227,1
491,228,1
897,228,1
201,228,1
892,228,1
1084,228,1
1379,228,1
2395,228,1
182,228,1
704,228,1
1755,228,1
2344,228,1
1265,228,1
252,228,1
2339,229,1
81,229,1
135,229,1
1279,229,1
2261,229,1
1375,229,1
1383,229,1
674,229,1
2218,229,1
2166,229,1
405,229,1
1227,229,1
827,229,1
1146,229,1
1190,229,1
980,229,1
440,229,1
1618,229,1
36,229,1
1047,229,1
92,230,1
2248,230,1
1387,230,1
1671,230,1
1628,230,1
571,230,1
1321,230,1
562,230,1
2243,230,1
324,230,1
127,230,1
50,230,1
631,230,1
423,230,1
1997,230,1
709,230,1
819,230,1
1421,230,1
1924,230,1
903,230,1
1587,230,1
1096,230,1
1501,230,1
1550,230,1
1514,230,1
754,230,1
607,230,1
287,230,1
2114,231,1
447,231,1
1319,231,1
1084,231,1
2174,231,1
1413,231,1
30,231,1
2342,231,1
1116,231,1
1554,231,1
407,231,1
1690,231,1
1120,231,1
232,231,1
1784,231,1
1040,231,1
1272,231,1
1053,231,1
87,231,1
186,231,1
1641,231,1
1658,231,1
729,231,1
1892,231,1
510,231,1
264,231,1
1211,231,1
498,231,1
302,231,1
2294,231,1
1966,231,1
1989,231,1
1532,231,1
2094,231,1
2199,231,1
99,231,1
1689,231,1
400,231,1
1605,231,1
1692,231,1
1580,231,1
794,231,1
216,231,1
929,231,1
425,231,1
1919,231,1
804,231,1
1795,231,1
1037,231,1
109,231,1
1521,231,1
1268,231,1
1512,231,1
1738,231,1
1968,231,1
2184,231,1
1142,231,1
2343,231,1
1663,231,1
2383,231,1
2156,231,1
906,231,1
2075,231,1
2328,231,1
2371,231,1
1871,231,1
1467,231,1
1725,231,1
1747,231,1
659,231,1
1476,231,1
127,231,1
1452,231,1
785,231,1
920,231,1
1608,231,1
237,231,1
203,231,1
229,231,1
1019,231,1
1946,231,1
1549,231,1
1213,231,1
1960,231,1
1077,231,1
2241,231,1
2323,231,1
2166,231,1
1247,231,1
2263,231,1
1644,231,1
2382,231,1
1917,231,1
1094,231,1
2074,231,1
259,231,1
578,231,1
2353,231,1
274,231,1
1847,231,1
1904,231,1
382,231,1
2237,231,1
1665,231,1
55,231,1
1010,231,1
2161,231,1
33,231,1
1074,231,1
1465,231,1
550,231,1
1626,232,1
1421,232,1
2239,232,1
2038,232,1
2058,232,1
283,232,1
447,232,1
1923,233,1
777,233,1
1444,233,1
837,233,1
2395,233,1
2082,233,1
1181,233,1
2062,233,1
192,233,1
2333,233,1
143,233,1
1822,233,1
242,233,1
1227,233,1
356,233,1
789,233,1
2085,233,1
438,233,1
1,233,1
707,233,1
127,233,1
2155,233,1
2381,233,1
85,233,1
1421,233,1
573,233,1
540,233,1
580,233,1
2296,233,1
2184,233,1
1074,233,1
1075,233,1
673,233,1
2346,233,1
397,233,1
1077,233,1
2228,233,1
1125,233,1
65,234,1
2361,234,1
1483,234,1
2165,234,1
1157,234,1
618,234,1
1572,234,1
1527,234,1
445,234,1
2406,234,1
2130,234,1
1332,234,1
187,235,1
1279,235,1
589,235,1
696,236,1
1296,236,1
2333,236,1
1684,236,1
528,236,1
2235,236,1
1844,236,1
1379,236,1
892,237,1
88,237,1
981,237,1
1590,237,1
2279,237,1
1779,237,1
920,237,1
2118,237,1
972,237,1
2377,237,1
1010,237,1
2193,237,1
1074,237,1
1052,237,1
2340,237,1
96,237,1
359,237,1
2159,237,1
2148,237,1
1986,237,1
554,237,1
2382,237,1
15,237,1
792,237,1
2205,237,1
2369,237,1
499,237,1
1711,237,1
846,237,1
1734,237,1
308,237,1
1342,238,1
696,238,1
470,238,1
2256,238,1
2208,238,1
353,238,1
232,238,1
135,238,1
521,238,1
2155,238,1
695,238,1
186,238,1
1074,238,1
1493,238,1
819,238,1
512,238,1
2338,238,1
1454,238,1
142,238,1
2362,238,1
2340,238,1
263,238,1
1084,238,1
1303,238,1
210,238,1
2343,238,1
1105,238,1
1637,238,1
1059,238,1
1469,238,1
2122,238,1
356,238,1
1632,238,1
1206,238,1
1985,238,1
1498,238,1
682,238,1
2212,238,1
2297,238,1
1844,238,1
1774,238,1
409,238,1
955,238,1
344,238,1
648,238,1
69,238,1
1567,238,1
554,238,1
1624,238,1
944,238,1
2131,238,1
1377,238,1
688,238,1
2183,238,1
1510,238,1
771,238,1
2107,238,1
1791,238,1
233,238,1
1538,238,1
1818,238,1
1952,238,1
409,239,1
2220,239,1
1875,239,1
2111,239,1
170,239,1
96,239,1
2381,239,1
2159,239,1
1446,239,1
2376,239,1
1075,239,1
2284,239,1
1047,239,1
419,240,1
1053,240,1
65,240,1
770,240,1
1853,240,1
1620,240,1
644,240,1
701,240,1
1684,240,1
794,240,1
155,240,1
2134,240,1
446,240,1
588,240,1
2197,240,1
2057,240,1
2341,240,1
428,240,1
660,240,1
1747,240,1
1461,240,1
691,240,1
540,240,1
1844,240,1
1960,240,1
1721,240,1
2278,240,1
1887,240,1
688,240,1
2077,240,1
2292,240,1
24,240,1
2063,240,1
2391,240,1
1501,240,1
2149,240,1
117,240,1
1338,240,1
2207,240,1
1014,241,1
196,241,1
2211,241,1
2082,241,1
402,241,1
2106,241,1
1822,241,1
1784,241,1
135,242,1
1590,242,1
518,242,1
2285,242,1
376,242,1
1692,242,1
1677,242,1
388,242,1
242,242,1
2250,242,1
474,242,1
1665,242,1
1724,242,1
1386,242,1
1128,243,1
1844,243,1
107,243,1
1466,244,1
507,244,1
2042,244,1
263,244,1
2085,244,1
468,244,1
1024,244,1
1401,245,1
1617,245,1
426,245,1
2369,245,1
2377,245,1
1921,245,1
1604,245,1
1421,245,1
343,245,1
1963,245,1
1079,245,1
2159,245,1
821,245,1
171,245,1
2382,245,1
2205,245,1
1734,245,1
1881,245,1
1826,245,1
1395,245,1
591,245,1
1191,245,1
384,245,1
2093,246,1
1053,246,1
2137,246,1
1128,246,1
976,246,1
2361,246,1
2258,246,1
1960,246,1
675,246,1
886,246,1
581,246,1
1143,246,1
1265,246,1
1952,246,1
1359,247,1
135,247,1
1568,247,1
1893,247,1
1622,247,1
215,248,1
1343,248,1
1037,248,1
1298,248,1
728,248,1
1101,248,1
596,248,1
2136,248,1
456,248,1
447,248,1
549,248,1
764,248,1
2143,248,1
1697,248,1
639,248,1
2300,248,1
1962,248,1
824,248,1
646,248,1
408,248,1
313,248,1
135,248,1
2385,248,1
1890,248,1
1289,248,1
1590,248,1
1398,248,1
1533,248,1
1162,248,1
2160,248,1
1018,248,1
837,248,1
84,248,1
775,248,1
1545,248,1
1795,248,1
804,248,1
1512,248,1
83,248,1
1416,248,1
1893,248,1
75,248,1
2383,248,1
1443,248,1
186,248,1
1227,248,1
547,248,1
1586,248,1
2404,248,1
1075,248,1
1477,248,1
1241,248,1
957,248,1
1420,248,1
1309,248,1
1342,248,1
844,248,1
593,248,1
1008,248,1
263,248,1
785,248,1
1115,248,1
219,248,1
1354,248,1
711,248,1
1467,248,1
600,248,1
1188,248,1
207,248,1
1484,248,1
1062,248,1
1094,248,1
1186,248,1
1632,248,1
86,248,1
2186,248,1
891,248,1
835,248,1
1503,248,1
1147,248,1
2085,248,1
197,248,1
2312,248,1
2382,248,1
127,248,1
229,248,1
1064,248,1
1369,248,1
742,248,1
1869,248,1
1173,248,1
1851,248,1
2245,248,1
796,248,1
2147,248,1
1775,248,1
2166,248,1
1587,248,1
795,248,1
448,248,1
973,248,1
955,248,1
1703,248,1
690,248,1
1012,248,1
664,248,1
1118,248,1
2402,248,1
1960,248,1
1159,248,1
1661,248,1
1278,248,1
1844,248,1
225,248,1
52,248,1
160,248,1
1403,248,1
1583,248,1
1377,248,1
831,248,1
1867,248,1
2175,248,1
781,248,1
1578,248,1
2145,248,1
951,248,1
2233,248,1
1954,248,1
1444,248,1
1662,248,1
2096,248,1
1811,248,1
2135,248,1
15,248,1
28,248,1
1024,248,1
1920,248,1
692,248,1
1098,248,1
259,248,1
12,248,1
822,248,1
2250,248,1
2358,248,1
1194,248,1
450,248,1
1623,248,1
961,248,1
223,248,1
1724,248,1
2164,248,1
1977,248,1
297,248,1
403,248,1
1925,248,1
1601,248,1
1515,248,1
1818,248,1
620,248,1
1331,248,1
2049,248,1
2340,249,1
1014,249,1
981,249,1
1799,249,1
1511,249,1
135,249,1
1590,249,1
1873,249,1
1333,249,1
2081,249,1
2175,249,1
2118,249,1
1262,249,1
426,249,1
1335,249,1
2058,249,1
856,249,1
2369,249,1
2377,249,1
384,249,1
2215,249,1
75,249,1
2361,249,1
1375,249,1
631,249,1
1421,249,1
1022,249,1
237,249,1
351,249,1
1632,249,1
1282,249,1
359,249,1
615,249,1
1986,249,1
1862,249,1
1892,249,1
524,249,1
1094,249,1
1652,249,1
554,249,1
2205,249,1
1578,249,1
1080,249,1
846,249,1
1696,250,1
2231,250,1
1413,251,1
92,251,1
97,251,1
119,251,1
1071,251,1
2321,251,1
952,251,1
729,251,1
583,251,1
2417,251,1
1398,251,1
289,251,1
1451,251,1
1964,251,1
2256,251,1
186,251,1
312,251,1
357,251,1
2388,251,1
324,251,1
1281,251,1
2377,251,1
908,251,1
794,251,1
1449,251,1
2223,251,1
1648,251,1
1545,251,1
2243,251,1
350,251,1
2181,251,1
785,251,1
962,251,1
2007,251,1
2175,251,1
852,251,1
1598,251,1
2057,251,1
96,251,1
258,251,1
1940,251,1
714,251,1
828,251,1
2018,251,1
1844,251,1
957,251,1
1191,251,1
701,251,1
2358,251,1
1589,251,1
2244,251,1
1492,251,1
523,251,1
2345,251,1
801,251,1
365,251,1
435,251,1
2052,251,1
483,251,1
1197,251,1
1923,252,1
16,252,1
1508,252,1
637,252,1
453,252,1
1260,252,1
395,252,1
1892,252,1
491,252,1
1155,252,1
268,253,1
2137,253,1
2011,253,1
1444,253,1
1731,253,1
2338,253,1
659,253,1
1997,253,1
201,253,1
819,253,1
774,254,1
837,254,1
1513,254,1
1380,254,1
882,254,1
97,254,1
559,254,1
1554,254,1
1568,254,1
1120,254,1
1467,254,1
836,254,1
1272,254,1
13,254,1
2333,254,1
968,254,1
2168,254,1
509,254,1
602,254,1
1659,254,1
2316,254,1
2401,254,1
729,254,1
87,254,1
1892,254,1
2180,254,1
2227,254,1
963,254,1
1453,254,1
302,254,1
892,254,1
477,254,1
1211,254,1
1532,254,1
2118,254,1
1003,254,1
929,254,1
1987,254,1
794,254,1
856,254,1
2412,254,1
190,254,1
169,254,1
1919,254,1
326,254,1
972,254,1
969,254,1
1053,254,1
1250,254,1
2101,254,1
1795,254,1
1942,254,1
2377,254,1
480,254,1
1521,254,1
1738,254,1
740,254,1
462,254,1
1663,254,1
2418,254,1
1872,254,1
1653,254,1
2328,254,1
2037,254,1
589,254,1
1767,254,1
2239,254,1
2053,254,1
547,254,1
957,254,1
1633,254,1
887,254,1
1290,254,1
2262,254,1
1421,254,1
75,254,1
1213,254,1
1871,254,1
447,254,1
1180,254,1
1534,254,1
140,254,1
1460,254,1
101,254,1
127,254,1
350,254,1
785,254,1
1001,254,1
85,254,1
2129,254,1
821,254,1
162,254,1
1503,254,1
1081,254,1
600,254,1
1970,254,1
1044,254,1
670,254,1
111,254,1
2078,254,1
2097,254,1
1049,254,1
1134,254,1
1073,254,1
2407,254,1
570,254,1
2312,254,1
1784,254,1
1960,254,1
714,254,1
569,254,1
448,254,1
1084,254,1
1418,254,1
939,254,1
2378,254,1
1247,254,1
1864,254,1
1981,254,1
1094,254,1
115,254,1
2371,254,1
732,254,1
489,254,1
345,254,1
1644,254,1
259,254,1
274,254,1
214,254,1
278,254,1
1646,254,1
1355,254,1
2326,254,1
2353,254,1
252,254,1
380,254,1
499,254,1
2063,254,1
1492,254,1
565,254,1
845,254,1
1944,254,1
689,254,1
288,254,1
1336,254,1
536,254,1
745,254,1
149,254,1
2102,254,1
675,254,1
1671,254,1
1319,254,1
1884,254,1
2070,254,1
2154,254,1
683,254,1
1343,255,1
1037,255,1
1621,255,1
1690,255,1
315,255,1
1270,255,1
355,255,1
473,255,1
700,255,1
1589,255,1
2058,255,1
804,255,1
1188,255,1
979,255,1
1255,255,1
2328,255,1
212,255,1
1541,255,1
563,255,1
2110,255,1
1166,255,1
1591,255,1
1587,255,1
2166,255,1
1563,255,1
1548,255,1
1288,255,1
303,255,1
1867,255,1
2229,255,1
1710,255,1
826,255,1
2085,255,1
136,255,1
107,255,1
1171,256,1
1783,256,1
2343,256,1
2220,256,1
1515,256,1
1170,256,1
843,256,1
17,256,1
127,256,1
1931,256,1
1459,256,1
710,256,1
1305,256,1
2365,256,1
1156,256,1
347,256,1
201,256,1
787,256,1
2089,256,1
309,256,1
1625,256,1
848,256,1
838,256,1
2107,256,1
805,256,1
1923,257,1
1956,257,1
2424,257,1
108,257,1
1105,257,1
1927,257,1
540,257,1
213,257,1
2218,257,1
786,257,1
971,257,1
1464,257,1
57,257,1
1687,257,1
418,257,1
840,257,1
2170,257,1
230,257,1
1291,257,1
1033,257,1
245,257,1
1075,257,1
649,257,1
1074,258,1
1799,258,1
1523,258,1
1782,258,1
1931,258,1
422,258,1
1829,258,1
1255,258,1
186,258,1
2196,258,1
711,258,1
1070,258,1
2036,258,1
704,258,1
2050,258,1
252,258,1
523,258,1
2373,258,1
606,259,1
491,259,1
303,259,1
1511,259,1
283,259,1
1303,259,1
186,259,1
1726,259,1
402,259,1
807,259,1
2319,259,1
817,259,1
776,259,1
227,259,1
1053,259,1
439,259,1
1191,259,1
322,259,1
1125,259,1
2174,260,1
1163,260,1
1786,260,1
286,260,1
968,260,1
2011,260,1
454,260,1
218,260,1
1272,260,1
843,260,1
1957,260,1
475,260,1
836,260,1
729,260,1
510,260,1
1793,260,1
2062,260,1
1211,260,1
2199,260,1
2202,260,1
26,260,1
1200,260,1
2058,260,1
1795,260,1
1942,260,1
2377,260,1
1178,260,1
2088,260,1
1512,260,1
1142,260,1
1872,260,1
906,260,1
166,260,1
1617,260,1
142,260,1
2371,260,1
1196,260,1
1534,260,1
1582,260,1
1898,260,1
659,260,1
1725,260,1
1685,260,1
237,260,1
600,260,1
111,260,1
1392,260,1
303,260,1
569,260,1
958,260,1
2166,260,1
880,260,1
1844,260,1
2323,260,1
757,260,1
1257,260,1
1644,260,1
2382,260,1
1010,260,1
2266,260,1
2209,260,1
1457,260,1
722,260,1
489,260,1
1803,260,1
827,260,1
274,260,1
1497,260,1
547,260,1
40,260,1
1592,260,1
736,260,1
399,260,1
2299,260,1
2152,260,1
1944,260,1
195,260,1
1074,260,1
2005,260,1
1336,260,1
2379,260,1
914,260,1
2130,260,1
122,260,1
1458,260,1
324,261,1
859,261,1
1816,261,1
1359,261,1
2146,261,1
2064,261,1
812,261,1
2290,261,1
1512,261,1
1352,261,1
494,261,1
1105,261,1
1747,261,1
203,261,1
1716,261,1
957,261,1
2230,261,1
2041,261,1
175,261,1
445,261,1
239,261,1
2379,261,1
1338,261,1
1621,262,1
937,262,1
1853,262,1
1932,262,1
1516,262,1
2285,262,1
2338,262,1
187,262,1
2218,262,1
2100,262,1
2129,262,1
1979,262,1
1249,262,1
163,262,1
515,263,1
1071,263,1
2321,263,1
1444,263,1
1875,263,1
2062,263,1
651,263,1
1451,263,1
155,263,1
400,263,1
582,263,1
1167,263,1
1281,263,1
908,263,1
176,263,1
1930,263,1
800,263,1
1545,263,1
1666,263,1
769,263,1
785,263,1
626,263,1
2007,263,1
39,263,1
2175,263,1
1867,263,1
915,263,1
2267,263,1
2166,263,1
1844,263,1
1488,263,1
74,263,1
1377,263,1
880,263,1
2141,263,1
205,263,1
943,263,1
1935,263,1
1360,263,1
544,263,1
2183,263,1
1253,263,1
565,263,1
2345,263,1
365,263,1
801,263,1
435,263,1
151,263,1
832,263,1
609,263,1
1985,264,1
1112,264,1
1071,264,1
2321,264,1
677,264,1
1285,264,1
454,264,1
324,264,1
377,264,1
2365,264,1
446,264,1
1859,264,1
1284,264,1
785,264,1
1195,264,1
1660,264,1
1421,264,1
2020,264,1
2085,264,1
1001,264,1
2175,264,1
2001,264,1
1448,264,1
1959,264,1
1291,264,1
666,264,1
616,264,1
1116,265,1
2310,265,1
2211,265,1
531,265,1
1074,265,1
400,265,1
794,265,1
710,265,1
804,265,1
1430,265,1
2184,265,1
75,265,1
1227,265,1
364,265,1
957,265,1
159,265,1
228,265,1
1431,265,1
1375,265,1
1300,265,1
1632,265,1
2085,265,1
85,265,1
1703,265,1
460,265,1
660,265,1
1892,265,1
1166,265,1
127,265,1
404,265,1
1369,265,1
958,265,1
114,265,1
1383,265,1
1960,265,1
1288,265,1
303,265,1
92,266,1
1863,266,1
1053,266,1
983,266,1
2040,266,1
1821,266,1
2133,266,1
2100,266,1
1031,266,1
175,266,1
863,266,1
419,267,1
2256,267,1
1995,267,1
1425,267,1
1786,267,1
196,267,1
1892,267,1
2239,267,1
540,267,1
1389,267,1
364,267,1
356,267,1
619,267,1
2368,267,1
295,267,1
2178,267,1
185,267,1
690,267,1
245,267,1
1209,267,1
1029,267,1
1304,268,1
549,268,1
88,268,1
639,268,1
824,268,1
135,268,1
87,268,1
1398,268,1
2144,268,1
1978,268,1
2080,268,1
319,268,1
1376,268,1
1211,268,1
775,268,1
1310,268,1
1512,268,1
1416,268,1
1893,268,1
75,268,1
1705,268,1
1545,268,1
1541,268,1
1477,268,1
588,268,1
818,268,1
2280,268,1
1972,268,1
393,268,1
64,268,1
1115,268,1
2305,268,1
1294,268,1
430,268,1
1467,268,1
2110,268,1
1062,268,1
207,268,1
1186,268,1
1147,268,1
2085,268,1
670,268,1
2382,268,1
1767,268,1
1103,268,1
127,268,1
1559,268,1
1173,268,1
1940,268,1
448,268,1
2036,268,1
2002,268,1
760,268,1
256,268,1
1278,268,1
225,268,1
52,268,1
230,268,1
160,268,1
865,268,1
1505,268,1
831,268,1
1063,268,1
1790,268,1
15,268,1
240,268,1
2250,268,1
2209,268,1
1444,268,1
1847,268,1
896,268,1
1612,268,1
1403,268,1
2000,268,1
1080,268,1
1098,268,1
1589,268,1
754,268,1
394,268,1
1094,268,1
259,268,1
517,268,1
261,268,1
905,268,1
107,268,1
1623,268,1
1758,268,1
608,268,1
899,268,1
403,268,1
1239,268,1
1850,268,1
1323,268,1
1316,268,1
1818,268,1
1411,268,1
1255,269,1
215,269,1
1321,269,1
1455,269,1
782,269,1
2057,269,1
50,269,1
1844,269,1
1924,269,1
287,269,1
801,269,1
1422,270,1
1777,270,1
2009,270,1
1225,270,1
707,270,1
1923,270,1
1066,270,1
357,270,1
203,270,1
554,270,1
1755,270,1
578,270,1
1136,270,1
1518,270,1
419,271,1
1255,271,1
2162,271,1
920,271,1
293,271,1
2288,271,1
1771,271,1
1770,271,1
324,271,1
2121,271,1
1695,271,1
2330,271,1
2324,271,1
2196,271,1
341,271,1
989,271,1
588,271,1
17,271,1
1053,271,1
490,271,1
966,271,1
1484,271,1
453,271,1
760,271,1
704,271,1
1846,271,1
619,271,1
2409,271,1
754,271,1
817,271,1
1952,271,1
184,271,1
1255,272,1
1438,272,1
1371,272,1
127,272,1
1321,272,1
2261,272,1
1305,272,1
1835,272,1
387,272,1
2332,272,1
2395,272,1
1084,272,1
490,272,1
1643,272,1
201,272,1
1695,272,1
2283,272,1
1784,272,1
528,272,1
2235,272,1
704,272,1
1804,272,1
1846,272,1
543,272,1
1583,272,1
840,272,1
1755,272,1
492,272,1
2344,272,1
1075,272,1
1265,272,1
113,272,1
975,272,1
1400,272,1
2424,273,1
610,273,1
569,273,1
1545,274,1
97,274,1
1325,274,1
2177,274,1
611,274,1
1417,274,1
1398,274,1
2321,274,1
2280,274,1
1892,274,1
155,274,1
812,274,1
1283,274,1
312,274,1
357,274,1
1743,274,1
324,274,1
2377,274,1
1909,274,1
908,274,1
800,274,1
1930,274,1
2126,274,1
455,274,1
196,274,1
2036,274,1
785,274,1
769,274,1
2057,274,1
1059,274,1
1062,274,1
660,274,1
2138,274,1
1471,274,1
860,274,1
64,274,1
1802,274,1
583,274,1
1051,274,1
750,274,1
1985,274,1
472,274,1
258,274,1
941,274,1
821,274,1
1840,274,1
238,274,1
1565,274,1
1745,274,1
1341,274,1
1666,274,1
2230,274,1
1844,274,1
880,274,1
175,274,1
2322,274,1
909,274,1
701,274,1
1432,274,1
916,274,1
396,274,1
554,274,1
161,274,1
579,274,1
2077,274,1
2183,274,1
2107,274,1
565,274,1
1645,274,1
174,274,1
1791,274,1
1570,274,1
666,274,1
424,274,1
584,274,1
2149,274,1
268,275,1
2421,275,1
2011,275,1
1444,275,1
2220,275,1
695,275,1
2313,275,1
794,275,1
412,275,1
1351,275,1
1576,275,1
1471,275,1
714,275,1
226,275,1
1041,275,1
463,275,1
823,275,1
659,275,1
1720,275,1
819,275,1
1497,275,1
437,275,1
1595,275,1
939,275,1
1459,275,1
372,275,1
2409,275,1
2004,275,1
1421,276,1
21,276,1
270,276,1
751,276,1
97,276,1
2420,276,1
1116,276,1
447,276,1
454,276,1
935,276,1
837,276,1
1304,276,1
2113,276,1
2316,276,1
1603,276,1
929,276,1
2243,276,1
1164,276,1
1767,276,1
1777,277,1
1746,277,1
995,277,1
1844,277,1
1071,277,1
1515,277,1
2321,277,1
928,277,1
1890,277,1
328,277,1
215,277,1
2256,277,1
324,277,1
941,277,1
127,277,1
2125,277,1
1453,277,1
540,277,1
1960,277,1
1984,277,1
469,277,1
916,277,1
1961,277,1
1297,277,1
2207,277,1
1702,278,1
1071,278,1
611,278,1
1281,278,1
2058,278,1
89,278,1
1377,278,1
2258,278,1
1545,278,1
1015,279,1
2416,279,1
610,279,1
1885,279,1
1988,279,1
1393,279,1
1308,279,1
1727,279,1
1116,280,1
1634,280,1
629,280,1
2310,280,1
932,280,1
2162,280,1
357,280,1
2058,280,1
1512,280,1
804,280,1
512,280,1
2338,280,1
1013,280,1
957,280,1
785,280,1
364,280,1
2122,280,1
2186,280,1
2036,280,1
955,280,1
2166,280,1
1661,280,1
225,280,1
1288,280,1
1811,280,1
1057,280,1
2085,280,1
1153,280,1
1653,280,1
1501,280,1
551,280,1
1647,280,1
2253,280,1
287,280,1
2389,280,1
178,280,1
2135,280,1
1298,281,1
1413,281,1
2011,281,1
2225,281,1
515,281,1
1071,281,1
1401,281,1
1545,281,1
841,281,1
54,281,1
1444,281,1
729,281,1
2335,281,1
2062,281,1
651,281,1
158,281,1
1274,281,1
2378,281,1
155,281,1
411,281,1
2321,281,1
312,281,1
186,281,1
582,281,1
991,281,1
324,281,1
1281,281,1
960,281,1
2377,281,1
2223,281,1
908,281,1
103,281,1
794,281,1
1449,281,1
1342,281,1
809,281,1
945,281,1
1576,281,1
2196,281,1
675,281,1
1300,281,1
364,281,1
860,281,1
1471,281,1
203,281,1
2007,281,1
1447,281,1
39,281,1
2175,281,1
583,281,1
1632,281,1
2260,281,1
1421,281,1
1985,281,1
1867,281,1
2015,281,1
1073,281,1
915,281,1
2166,281,1
489,281,1
1844,281,1
1960,281,1
1227,281,1
1224,281,1
1666,281,1
1288,281,1
1220,281,1
1191,281,1
2141,281,1
504,281,1
1257,281,1
1460,281,1
1589,281,1
1596,281,1
2230,281,1
544,281,1
2183,281,1
1881,281,1
565,281,1
832,281,1
365,281,1
2282,281,1
2360,281,1
1791,281,1
1068,281,1
2008,281,1
1911,281,1
1490,281,1
2382,281,1
2014,281,1
279,281,1
1111,282,1
1863,282,1
135,282,1
2313,282,1
1438,282,1
1695,282,1
196,282,1
876,282,1
1471,282,1
920,282,1
448,282,1
697,282,1
1755,282,1
554,282,1
2344,282,1
1664,282,1
1734,282,1
878,282,1
858,282,1
749,282,1
1074,283,1
1621,283,1
526,283,1
549,283,1
2310,283,1
1958,283,1
2363,283,1
2300,283,1
824,283,1
402,283,1
1398,283,1
2080,283,1
1862,283,1
221,283,1
2101,283,1
1361,283,1
955,283,1
2355,283,1
512,283,1
1587,283,1
357,283,1
1694,283,1
352,283,1
287,283,1
528,283,1
957,283,1
588,283,1
785,283,1
141,283,1
1447,283,1
1186,283,1
86,283,1
1632,283,1
1727,283,1
2085,283,1
2382,283,1
2312,283,1
231,283,1
1369,283,1
669,283,1
1173,283,1
1581,283,1
1021,283,1
70,283,1
1399,283,1
821,283,1
1648,283,1
1118,283,1
2402,283,1
409,283,1
1960,283,1
959,283,1
2002,283,1
1572,283,1
1844,283,1
225,283,1
2175,283,1
2054,283,1
2233,283,1
1444,283,1
28,283,1
1612,283,1
1151,283,1
12,283,1
544,283,1
1094,283,1
731,283,1
1724,283,1
2029,283,1
2164,283,1
1024,283,1
608,283,1
2284,283,1
1850,283,1
1796,283,1
1818,283,1
1701,283,1
36,283,1
135,284,1
533,284,1
1712,284,1
2062,284,1
1384,284,1
856,284,1
621,284,1
2047,284,1
1800,284,1
2355,284,1
1872,284,1
1767,284,1
2075,284,1
2148,284,1
1090,284,1
1920,284,1
85,284,1
1063,284,1
1816,285,1
1359,285,1
1995,285,1
2146,285,1
1923,285,1
1030,285,1
859,285,1
794,285,1
2290,285,1
2285,285,1
169,285,1
1829,285,1
494,285,1
957,285,1
695,285,1
1105,285,1
1421,285,1
679,285,1
674,285,1
2346,285,1
2241,285,1
1703,285,1
757,285,1
2323,285,1
2041,285,1
544,285,1
1191,285,1
1286,285,1
445,285,1
252,285,1
279,285,1
1047,285,1
1125,285,1
1162,286,1
1714,286,1
1819,286,1
1541,286,1
2245,286,1
1421,286,1
391,286,1
173,287,1
212,287,1
1786,287,1
2221,287,1
2306,287,1
1006,287,1
1402,287,1
175,287,1
1521,287,1
1830,287,1
1845,287,1
720,287,1
1052,287,1
1471,287,1
1844,287,1
1235,287,1
2323,287,1
489,287,1
1543,287,1
688,287,1
272,287,1
1789,287,1
31,287,1
2000,287,1
357,288,1
1965,289,1
2159,289,1
194,289,1
250,290,1
1630,290,1
354,290,1
957,290,1
1075,290,1
2362,290,1
2173,290,1
1854,290,1
1484,290,1
311,290,1
1753,290,1
2409,290,1
980,290,1
1015,291,1
2220,291,1
13,291,1
2038,291,1
986,291,1
2414,291,1
1810,291,1
1117,291,1
281,291,1
357,291,1
237,291,1
1000,291,1
1730,291,1
1977,291,1
2112,291,1
341,292,1
1781,293,1
135,293,1
752,293,1
509,293,1
1519,293,1
437,293,1
2006,293,1
201,294,1
1084,294,1
412,294,1
819,294,1
2237,294,1
1090,294,1
448,294,1
145,294,1
1379,294,1
1124,294,1
445,294,1
1767,294,1
2417,295,1
407,295,1
2248,295,1
132,295,1
1270,295,1
158,295,1
2376,295,1
1853,295,1
1971,295,1
1560,295,1
226,295,1
589,295,1
102,296,1
1223,296,1
268,296,1
1053,296,1
2011,296,1
1444,296,1
774,296,1
872,296,1
1329,296,1
915,296,1
794,296,1
2386,296,1
412,296,1
1351,296,1
595,296,1
714,296,1
1471,296,1
226,296,1
1156,296,1
1902,296,1
1106,296,1
2197,296,1
1949,296,1
1830,296,1
989,296,1
1658,296,1
376,296,1
659,296,1
11,296,1
1421,296,1
819,296,1
1945,296,1
1787,296,1
942,296,1
2237,296,1
1767,296,1
1551,296,1
2212,296,1
2166,296,1
1960,296,1
2175,296,1
1971,296,1
939,296,1
145,296,1
1090,296,1
372,296,1
1377,296,1
2409,296,1
865,296,1
1839,296,1
1483,296,1
838,296,1
2284,296,1
1818,296,1
1338,296,1
1040,297,1
866,297,1
1346,297,1
407,297,1
640,297,1
87,297,1
1472,297,1
1966,297,1
1500,297,1
1135,297,1
1466,297,1
1093,297,1
2324,297,1
694,297,1
541,297,1
1605,297,1
1287,297,1
1117,298,1
1332,298,1
629,299,1
2393,299,1
370,299,1
677,299,1
1993,299,1
1538,299,1
1382,299,1
1787,299,1
1341,299,1
1128,299,1
77,299,1
581,299,1
2212,299,1
1002,299,1
2085,299,1
579,299,1
1257,299,1
1994,299,1
300,299,1
1405,299,1
1911,299,1
754,299,1
805,299,1
1421,300,1
1518,300,1
92,301,1
1084,301,1
610,301,1
983,301,1
1082,301,1
1630,301,1
1421,301,1
507,301,1
1265,301,1
1732,301,1
1045,301,1
2426,301,1
1952,301,1
1037,302,1
102,302,1
2412,302,1
286,302,1
81,302,1
1467,302,1
1290,302,1
158,302,1
2168,302,1
509,302,1
1437,302,1
836,302,1
2174,302,1
526,302,1
729,302,1
1413,302,1
101,302,1
2094,302,1
565,302,1
794,302,1
2058,302,1
2022,302,1
1919,302,1
1250,302,1
2101,302,1
2386,302,1
1795,302,1
2377,302,1
1010,302,1
383,302,1
462,302,1
2343,302,1
2328,302,1
1872,302,1
2280,302,1
1770,302,1
906,302,1
1653,302,1
1617,302,1
1786,302,1
1530,302,1
1196,302,1
593,302,1
2196,302,1
140,302,1
1677,302,1
201,302,1
127,302,1
615,302,1
1084,302,1
785,302,1
1001,302,1
489,302,1
741,302,1
1049,302,1
1678,302,1
2382,302,1
229,302,1
864,302,1
1587,302,1
1421,302,1
1960,302,1
2148,302,1
600,302,1
311,302,1
2166,302,1
569,302,1
1506,302,1
2380,302,1
448,302,1
2266,302,1
1847,302,1
1383,302,1
1775,302,1
1483,302,1
524,302,1
2323,302,1
1868,302,1
732,302,1
1644,302,1
106,302,1
815,302,1
2074,302,1
2145,302,1
714,302,1
1457,302,1
722,302,1
551,302,1
1567,302,1
1721,302,1
2230,302,1
572,302,1
617,302,1
2253,302,1
523,302,1
252,302,1
1886,302,1
2299,302,1
2152,302,1
1074,302,1
745,302,1
2284,302,1
914,302,1
1400,302,1
1619,302,1
584,302,1
338,302,1
1752,302,1
1234,302,1
235,303,1
1071,303,1
1030,303,1
1128,303,1
1281,303,1
2058,303,1
1844,303,1
1377,303,1
810,303,1
1308,304,1
610,304,1
1117,304,1
1844,304,1
1544,304,1
2280,304,1
774,305,1
1513,305,1
793,305,1
415,305,1
833,305,1
97,305,1
2342,305,1
286,305,1
1554,305,1
1030,305,1
1690,305,1
1467,305,1
1767,305,1
2333,305,1
509,305,1
602,305,1
2062,305,1
2180,305,1
2346,305,1
963,305,1
1333,305,1
2418,305,1
1795,305,1
1211,305,1
2199,305,1
1384,305,1
1689,305,1
2118,305,1
1003,305,1
1290,305,1
1692,305,1
1580,305,1
217,305,1
794,305,1
929,305,1
190,305,1
1919,305,1
1053,305,1
1250,305,1
2101,305,1
2386,305,1
480,305,1
2377,305,1
2343,305,1
425,305,1
1872,305,1
83,305,1
1443,305,1
642,305,1
127,305,1
1410,305,1
2262,305,1
593,305,1
958,305,1
1558,305,1
1084,305,1
1725,305,1
1534,305,1
1633,305,1
219,305,1
140,305,1
659,305,1
657,305,1
2347,305,1
785,305,1
1001,305,1
1591,305,1
513,305,1
162,305,1
1503,305,1
704,305,1
111,305,1
2078,305,1
229,305,1
1869,305,1
2218,305,1
2257,305,1
1421,305,1
1960,305,1
2148,305,1
1049,305,1
2150,305,1
569,305,1
736,305,1
448,305,1
2380,305,1
967,305,1
2166,305,1
798,305,1
1813,305,1
2266,305,1
939,305,1
1646,305,1
1481,305,1
957,305,1
1067,305,1
2075,305,1
1383,305,1
1506,305,1
2129,305,1
895,305,1
2175,305,1
1483,305,1
2323,305,1
2368,305,1
345,305,1
1644,305,1
106,305,1
554,305,1
1733,305,1
252,305,1
1589,305,1
2163,305,1
1460,305,1
160,305,1
214,305,1
1457,305,1
714,305,1
175,305,1
1883,305,1
544,305,1
245,305,1
2091,305,1
278,305,1
1803,305,1
266,305,1
2350,305,1
1624,305,1
2353,305,1
1700,305,1
40,305,1
565,305,1
1723,305,1
1886,305,1
1884,305,1
244,305,1
1074,305,1
174,305,1
467,305,1
1665,305,1
1265,305,1
1468,305,1
693,305,1
1077,305,1
1193,305,1
2379,305,1
1704,305,1
1125,305,1
196,306,1
2036,306,1
470,306,1
873,306,1
1329,306,1
412,306,1
1351,306,1
1698,306,1
718,306,1
1133,306,1
490,306,1
1695,306,1
201,306,1
1767,306,1
1997,306,1
819,306,1
2166,306,1
1090,306,1
1774,306,1
1839,306,1
1110,306,1
2269,306,1
2004,306,1
372,306,1
272,306,1
2413,306,1
483,306,1
1311,307,1
1568,307,1
1948,307,1
2160,307,1
1082,307,1
1783,307,1
1018,307,1
599,307,1
2361,307,1
1605,307,1
4,307,1
203,307,1
1786,307,1
1295,307,1
1587,307,1
1085,307,1
957,307,1
2422,307,1
2344,307,1
1502,307,1
461,307,1
1483,307,1
390,307,1
1093,307,1
619,307,1
303,308,1
1590,308,1
1531,308,1
108,308,1
1105,308,1
2312,308,1
888,308,1
2178,308,1
2368,308,1
1122,309,1
2137,309,1
2144,309,1
135,309,1
56,309,1
1074,309,1
1767,309,1
2215,309,1
1677,309,1
920,309,1
920,310,1
1225,310,1
777,310,1
196,310,1
1387,310,1
1892,310,1
1165,310,1
2155,310,1
203,310,1
1154,310,1
736,310,1
437,310,1
689,310,1
1844,310,1
439,310,1
850,310,1
805,310,1
1995,311,1
2376,311,1
1511,311,1
2187,311,1
1566,311,1
2060,311,1
599,311,1
1820,311,1
1279,311,1
533,312,1
443,312,1
2339,312,1
81,312,1
45,312,1
2261,312,1
1375,312,1
426,312,1
254,312,1
674,312,1
2218,312,1
283,312,1
1775,312,1
827,312,1
1897,312,1
1190,312,1
440,312,1
1618,312,1
1030,313,1
1312,313,1
794,313,1
1379,313,1
588,313,1
192,313,1
1555,313,1
520,313,1
647,313,1
297,313,1
1053,313,1
2077,313,1
914,313,1
1297,313,1
1629,314,1
2313,314,1
92,314,1
629,314,1
1270,314,1
705,314,1
825,314,1
1429,314,1
710,314,1
752,314,1
1541,314,1
187,314,1
1791,314,1
2166,314,1
1548,314,1
185,314,1
648,314,1
1867,314,1
801,314,1
2089,314,1
1331,314,1
128,314,1
451,315,1
2349,315,1
2416,315,1
1531,315,1
2338,315,1
142,315,1
2392,315,1
1656,315,1
1863,316,1
1937,316,1
525,316,1
1934,316,1
1788,316,1
893,316,1
610,316,1
1628,316,1
741,316,1
2417,316,1
2254,316,1
1783,316,1
1438,316,1
2352,316,1
1307,316,1
1404,316,1
2170,316,1
1088,316,1
1218,316,1
1936,316,1
1872,316,1
2025,316,1
357,316,1
1053,316,1
1117,316,1
714,316,1
1562,316,1
188,316,1
1608,316,1
894,316,1
2070,316,1
1606,316,1
311,316,1
2407,316,1
939,316,1
1081,316,1
814,316,1
1001,316,1
465,316,1
1419,316,1
1540,316,1
1809,316,1
345,316,1
933,316,1
1589,316,1
492,316,1
1766,316,1
314,316,1
483,316,1
1148,316,1
1926,316,1
2293,316,1
1259,316,1
1856,316,1
2130,316,1
1114,316,1
1160,316,1
1844,317,1
1071,317,1
1444,317,1
714,317,1
1281,317,1
945,317,1
630,317,1
1545,317,1
1706,317,1
2166,317,1
810,317,1
1681,317,1
2282,317,1
565,317,1
650,317,1
92,318,1
362,318,1
1398,318,1
2160,318,1
2039,318,1
1534,318,1
400,318,1
804,318,1
1188,318,1
955,318,1
752,318,1
1786,318,1
1431,318,1
270,318,1
1369,318,1
2085,318,1
1844,318,1
2166,318,1
1359,319,1
859,319,1
2146,319,1
2376,319,1
1764,319,1
1931,319,1
2227,319,1
2064,319,1
2290,319,1
599,319,1
341,319,1
679,319,1
674,319,1
364,319,1
1421,319,1
2166,319,1
2323,319,1
1867,319,1
1286,319,1
239,319,1
279,319,1
538,319,1
1748,319,1
774,320,1
80,320,1
353,320,1
941,320,1
1409,320,1
412,320,1
2220,320,1
2261,320,1
1342,320,1
1303,320,1
593,320,1
179,320,1
661,320,1
1729,320,1
1632,320,1
85,320,1
2381,320,1
343,320,1
554,320,1
1504,320,1
2036,320,1
1189,320,1
1844,320,1
939,320,1
2000,320,1
1377,320,1
2249,320,1
1791,320,1
1067,320,1
69,320,1
2013,320,1
1740,320,1
1323,320,1
1952,320,1
8,320,1
2277,321,1
841,321,1
1283,321,1
945,321,1
630,321,1
1871,321,1
2141,321,1
90,321,1
2382,321,1
435,321,1
1777,322,1
676,322,1
2220,322,1
1071,322,1
1014,322,1
135,322,1
1900,322,1
2416,322,1
1875,322,1
1084,322,1
1483,322,1
2369,322,1
2324,322,1
588,322,1
1279,322,1
101,322,1
343,322,1
2159,322,1
1960,322,1
619,322,1
2415,322,1
1906,322,1
2280,322,1
181,322,1
416,322,1
233,322,1
914,322,1
1952,322,1
1786,323,1
1335,323,1
2040,323,1
1784,323,1
1960,323,1
1242,323,1
1867,323,1
863,323,1
1053,323,1
1952,323,1
1769,324,1
1261,324,1
729,324,1
1343,324,1
1966,324,1
1580,324,1
1104,324,1
1960,324,1
2155,324,1
1868,324,1
596,324,1
1648,324,1
233,324,1
1077,324,1
1332,324,1
1952,324,1
1756,325,1
1161,325,1
1922,325,1
1892,325,1
234,326,1
2113,326,1
389,326,1
1892,326,1
447,326,1
1034,326,1
186,326,1
320,326,1
704,326,1
2241,326,1
895,326,1
689,326,1
1844,326,1
939,326,1
681,326,1
2409,326,1
2091,326,1
1034,327,1
357,327,1
389,327,1
704,327,1
681,327,1
2409,327,1
1233,328,1
454,328,1
1634,328,1
2303,328,1
1933,328,1
770,328,1
521,328,1
1597,328,1
324,328,1
1909,328,1
2109,328,1
1415,328,1
155,328,1
2108,328,1
127,328,1
414,328,1
2372,328,1
985,328,1
1985,328,1
735,328,1
1844,328,1
2015,328,1
2095,328,1
522,328,1
432,328,1
1880,328,1
1539,328,1
2105,328,1
2183,328,1
1860,328,1
577,328,1
2044,328,1
1331,328,1
1261,329,1
2361,329,1
752,329,1
1502,329,1
1431,329,1
85,329,1
2230,329,1
303,329,1
2415,329,1
1111,330,1
1015,330,1
2416,330,1
610,330,1
872,330,1
1885,330,1
1988,330,1
1862,330,1
1170,330,1
1544,330,1
1308,330,1
1148,330,1
1856,330,1
1400,330,1
1047,330,1
419,331,1
2162,331,1
303,331,1
920,331,1
1417,331,1
794,331,1
2108,331,1
2196,331,1
1366,331,1
1830,331,1
2085,331,1
1971,331,1
1001,331,1
2284,331,1
760,331,1
2286,331,1
1846,331,1
835,331,1
648,331,1
619,331,1
1755,331,1
2409,331,1
1067,331,1
1844,331,1
1952,331,1
184,331,1
1125,331,1
593,332,1
1225,332,1
1923,332,1
777,332,1
1422,332,1
945,332,1
1493,332,1
376,332,1
340,332,1
1105,332,1
537,332,1
2085,332,1
631,332,1
1754,332,1
548,332,1
642,332,1
127,332,1
690,332,1
85,332,1
1571,332,1
2100,332,1
1483,332,1
540,332,1
543,332,1
1725,332,1
619,332,1
2092,332,1
1687,332,1
252,332,1
147,332,1
1265,332,1
533,333,1
1511,333,1
879,333,1
566,333,1
977,333,1
738,333,1
1179,333,1
2058,333,1
1580,333,1
1630,333,1
357,333,1
512,333,1
857,333,1
2031,333,1
2262,333,1
1300,333,1
1854,333,1
2328,333,1
1471,333,1
85,333,1
715,333,1
1869,333,1
1427,333,1
1725,333,1
341,333,1
252,333,1
311,333,1
1862,333,1
1383,333,1
1732,333,1
1687,333,1
1045,333,1
1867,333,1
1753,333,1
1249,333,1
1775,333,1
491,334,1
1161,334,1
707,334,1
1417,334,1
1989,334,1
196,335,1
1132,335,1
610,335,1
340,335,1
1315,335,1
324,335,1
1835,335,1
1196,335,1
356,335,1
2100,335,1
1304,335,1
1077,335,1
405,335,1
1985,335,1
581,335,1
2145,335,1
1053,335,1
1664,335,1
848,335,1
2111,335,1
1952,335,1
370,336,1
1061,336,1
168,336,1
377,336,1
1382,336,1
1388,336,1
1341,336,1
1787,336,1
982,336,1
581,336,1
2212,336,1
2085,336,1
79,336,1
1739,336,1
675,336,1
2073,336,1
1205,336,1
851,336,1
607,336,1
1911,336,1
46,336,1
1257,336,1
754,336,1
300,336,1
2086,336,1
2141,337,1
2114,338,1
415,338,1
362,338,1
66,338,1
1362,338,1
1421,338,1
286,338,1
1116,338,1
1554,338,1
2011,338,1
1120,338,1
1467,338,1
1131,338,1
2168,338,1
1957,338,1
1304,338,1
1763,338,1
2419,338,1
2342,338,1
496,338,1
2346,338,1
729,338,1
2062,338,1
427,338,1
2343,338,1
1211,338,1
2066,338,1
2118,338,1
400,338,1
1580,338,1
217,338,1
1010,338,1
1493,338,1
929,338,1
2058,338,1
1919,338,1
1250,338,1
2101,338,1
1795,338,1
109,338,1
2377,338,1
740,338,1
1918,338,1
1142,338,1
2383,338,1
1872,338,1
1783,338,1
2239,338,1
1633,338,1
477,338,1
698,338,1
187,338,1
1747,338,1
1833,338,1
2280,338,1
1175,338,1
1340,338,1
2249,338,1
1460,338,1
785,338,1
1982,338,1
741,338,1
311,338,1
162,338,1
623,338,1
197,338,1
1563,338,1
111,338,1
1019,338,1
229,338,1
1946,338,1
287,338,1
864,338,1
1509,338,1
430,338,1
318,338,1
778,338,1
569,338,1
1960,338,1
488,338,1
939,338,1
341,338,1
2094,338,1
835,338,1
1077,338,1
565,338,1
704,338,1
2354,338,1
1912,338,1
2378,338,1
1481,338,1
448,338,1
1383,338,1
2425,338,1
971,338,1
1252,338,1
1247,338,1
2090,338,1
205,338,1
2323,338,1
40,338,1
802,338,1
244,338,1
2371,338,1
2023,338,1
1355,338,1
1644,338,1
2388,338,1
1733,338,1
1094,338,1
1652,338,1
1440,338,1
248,338,1
511,338,1
1457,338,1
714,338,1
544,338,1
1618,338,1
383,338,1
2091,338,1
1803,338,1
2284,338,1
340,338,1
1220,338,1
1721,338,1
1219,338,1
964,338,1
1198,338,1
245,338,1
252,338,1
692,338,1
536,338,1
261,338,1
1056,338,1
2069,338,1
474,338,1
2096,338,1
845,338,1
55,338,1
365,338,1
379,338,1
467,338,1
440,338,1
1068,338,1
2208,338,1
2102,338,1
259,338,1
2406,338,1
126,338,1
233,338,1
913,338,1
1209,338,1
1465,338,1
1542,338,1
1796,338,1
2379,338,1
650,338,1
1071,339,1
1471,339,1
1816,339,1
1359,339,1
1463,339,1
2220,339,1
1995,339,1
2146,339,1
2083,339,1
1923,339,1
1675,339,1
859,339,1
1889,339,1
2187,339,1
1566,339,1
239,339,1
812,339,1
629,340,1
2393,340,1
1787,340,1
436,341,1
320,341,1
1467,341,1
1820,341,1
558,341,1
895,341,1
1844,341,1
939,341,1
681,341,1
2409,341,1
1075,341,1
2091,341,1
1832,341,1
2274,342,1
533,342,1
458,342,1
1362,342,1
1769,342,1
381,342,1
123,342,1
1863,342,1
2137,342,1
977,342,1
1014,342,1
1923,342,1
1444,342,1
1511,342,1
1799,342,1
303,342,1
2335,342,1
60,342,1
210,342,1
45,342,1
87,342,1
2227,342,1
937,342,1
1471,342,1
777,342,1
376,342,1
1384,342,1
1321,342,1
738,342,1
1764,342,1
2031,342,1
1533,342,1
2361,342,1
986,342,1
2075,342,1
1003,342,1
1692,342,1
1580,342,1
1892,342,1
89,342,1
1605,342,1
101,342,1
108,342,1
2197,342,1
2332,342,1
1154,342,1
2231,342,1
1144,342,1
1287,342,1
356,342,1
813,342,1
438,342,1
1084,342,1
120,342,1
154,342,1
1300,342,1
339,342,1
1658,342,1
1784,342,1
226,342,1
1522,342,1
1703,342,1
1008,342,1
1549,342,1
368,342,1
957,342,1
2368,342,1
1959,342,1
413,342,1
1242,342,1
580,342,1
2230,342,1
703,342,1
802,342,1
483,342,1
420,342,1
1589,342,1
2178,342,1
863,342,1
252,342,1
1687,342,1
702,342,1
690,342,1
2366,342,1
1867,342,1
2184,342,1
1724,342,1
1028,342,1
261,342,1
1971,342,1
2135,342,1
245,342,1
1926,342,1
1265,342,1
2253,342,1
329,342,1
1197,342,1
1542,342,1
2311,342,1
805,342,1
1671,342,1
1038,343,1
1511,343,1
1384,343,1
2160,343,1
1009,343,1
62,343,1
983,343,1
264,343,1
1229,343,1
726,343,1
1352,343,1
1216,343,1
2424,343,1
395,343,1
1154,343,1
1497,343,1
1472,343,1
1784,343,1
55,343,1
662,343,1
448,343,1
1288,343,1
1755,343,1
413,343,1
175,343,1
1977,343,1
2307,343,1
2302,343,1
2135,343,1
1228,343,1
1209,343,1
1071,344,1
1455,344,1
50,344,1
1844,344,1
1021,344,1
287,344,1
801,344,1
2376,345,1
1198,345,1
1030,345,1
1053,345,1
1783,345,1
394,345,1
1867,345,1
419,346,1
1797,346,1
2093,346,1
2248,346,1
1014,346,1
2220,346,1
2175,346,1
2320,346,1
91,346,1
1321,346,1
59,346,1
48,346,1
1412,346,1
899,346,1
180,346,1
794,346,1
2134,346,1
1658,346,1
1961,346,1
108,346,1
2072,346,1
714,346,1
1572,346,1
1736,346,1
1858,346,1
1487,346,1
2057,346,1
1196,346,1
1281,346,1
1627,346,1
1157,346,1
201,346,1
659,346,1
2048,346,1
207,346,1
19,346,1
540,346,1
127,346,1
1747,346,1
1805,346,1
1984,346,1
1985,346,1
2212,346,1
44,346,1
1792,346,1
1529,346,1
1579,346,1
1481,346,1
1587,346,1
910,346,1
2043,346,1
283,346,1
82,346,1
1846,346,1
701,346,1
1950,346,1
2398,346,1
581,346,1
546,346,1
1409,346,1
153,346,1
2269,346,1
893,346,1
447,346,1
597,346,1
851,346,1
248,346,1
483,346,1
1722,346,1
805,346,1
1265,346,1
1892,346,1
914,346,1
2093,347,1
920,347,1
1014,347,1
1327,347,1
1653,347,1
899,347,1
180,347,1
169,347,1
794,347,1
2134,347,1
701,347,1
1940,347,1
307,347,1
2215,347,1
714,347,1
1572,347,1
1196,347,1
1907,347,1
661,347,1
659,347,1
203,347,1
1747,347,1
1792,347,1
1579,347,1
297,347,1
1950,347,1
607,347,1
2013,347,1
1722,347,1
1518,347,1
914,347,1
347,348,1
1844,348,1
2114,349,1
1116,349,1
1634,349,1
92,349,1
315,349,1
729,349,1
303,349,1
1398,349,1
512,349,1
763,349,1
1387,349,1
2162,349,1
726,349,1
409,349,1
348,349,1
804,349,1
2338,349,1
2184,349,1
1152,349,1
2294,349,1
1368,349,1
1366,349,1
91,349,1
155,349,1
1534,349,1
1087,349,1
813,349,1
4,349,1
1791,349,1
41,349,1
85,349,1
1703,349,1
985,349,1
404,349,1
958,349,1
1793,349,1
1965,349,1
2166,349,1
1509,349,1
1548,349,1
192,349,1
1288,349,1
58,349,1
2233,349,1
1647,349,1
931,350,1
547,350,1
2416,350,1
2211,350,1
2231,350,1
1342,351,1
133,351,1
2420,351,1
1888,351,1
938,351,1
135,351,1
236,351,1
2062,351,1
512,351,1
1269,351,1
872,351,1
411,351,1
25,351,1
2232,351,1
1892,351,1
2395,351,1
920,351,1
1564,351,1
1374,351,1
2423,351,1
714,351,1
1639,351,1
2230,351,1
1600,351,1
453,351,1
127,351,1
1985,351,1
1421,351,1
2218,351,1
2166,351,1
1969,351,1
1408,351,1
1094,351,1
846,351,1
1379,351,1
557,351,1
340,351,1
2065,351,1
1850,351,1
1114,351,1
1818,351,1
1338,351,1
1518,351,1
992,351,1
610,352,1
727,352,1
357,352,1
1448,352,1
340,353,1
412,353,1
1351,353,1
1767,353,1
201,353,1
9,353,1
2237,353,1
1343,354,1
533,354,1
1658,354,1
977,354,1
1962,354,1
1786,354,1
741,354,1
357,354,1
2338,354,1
1188,354,1
2202,354,1
2114,355,1
774,355,1
1298,355,1
1513,355,1
1783,355,1
204,355,1
30,355,1
286,355,1
1380,355,1
1116,355,1
1117,355,1
296,355,1
454,355,1
1084,355,1
1467,355,1
2088,355,1
2333,355,1
741,355,1
1496,355,1
1957,355,1
477,355,1
1196,355,1
389,355,1
729,355,1
2062,355,1
1211,355,1
2118,355,1
1142,355,1
1955,355,1
131,355,1
1319,355,1
2238,355,1
794,355,1
1919,355,1
2022,355,1
804,355,1
1795,355,1
1250,355,1
2101,355,1
2386,355,1
1053,355,1
480,355,1
1942,355,1
2377,355,1
1872,355,1
710,355,1
2290,355,1
1443,355,1
587,355,1
2343,355,1
2324,355,1
887,355,1
1833,355,1
1483,355,1
1558,355,1
1871,355,1
806,355,1
1725,355,1
140,355,1
2156,355,1
1582,355,1
11,355,1
127,355,1
64,355,1
430,355,1
2347,355,1
785,355,1
388,355,1
1512,355,1
1397,355,1
1787,355,1
1970,355,1
990,355,1
229,355,1
714,355,1
600,355,1
287,355,1
835,355,1
864,355,1
2407,355,1
1421,355,1
1716,355,1
2075,355,1
1365,355,1
2148,355,1
1653,355,1
311,355,1
569,355,1
778,355,1
1213,355,1
256,355,1
828,355,1
1905,355,1
1418,355,1
1960,355,1
939,355,1
1646,355,1
2314,355,1
1189,355,1
1247,355,1
2425,355,1
540,355,1
2323,355,1
160,355,1
406,355,1
574,355,1
489,355,1
1506,355,1
2283,355,1
2249,355,1
2092,355,1
1001,355,1
826,355,1
1644,355,1
713,355,1
1847,355,1
1733,355,1
1589,355,1
1288,355,1
1054,355,1
827,355,1
1457,355,1
1935,355,1
544,355,1
1567,355,1
1803,355,1
1049,355,1
1219,355,1
2237,355,1
2096,355,1
2353,355,1
1095,355,1
2119,355,1
565,355,1
1130,355,1
365,355,1
1723,355,1
1886,355,1
46,355,1
195,355,1
2116,355,1
1074,355,1
174,355,1
2005,355,1
474,355,1
538,355,1
914,355,1
2379,355,1
2049,355,1
650,355,1
338,355,1
1752,355,1
6,356,1
419,356,1
102,356,1
2011,356,1
1358,356,1
2386,356,1
459,356,1
201,356,1
898,356,1
1706,356,1
7,356,1
2292,356,1
2087,356,1
184,356,1
610,357,1
1780,358,1
1071,358,1
1738,358,1
521,358,1
342,358,1
1018,358,1
155,358,1
677,358,1
899,358,1
1703,358,1
324,358,1
1909,358,1
1415,358,1
1844,358,1
714,358,1
2223,358,1
2108,358,1
127,358,1
2203,358,1
966,358,1
414,358,1
2403,358,1
941,358,1
1688,358,1
339,358,1
985,358,1
1077,358,1
1984,358,1
619,358,1
2259,358,1
2396,358,1
1867,358,1
1860,358,1
1501,358,1
149,358,1
432,358,1
2400,358,1
813,359,1
677,359,1
1053,359,1
1223,360,1
127,360,1
794,360,1
1422,360,1
2338,360,1
1498,360,1
1469,360,1
68,360,1
684,360,1
1676,360,1
413,360,1
1624,360,1
1318,360,1
1853,361,1
1398,361,1
794,361,1
2134,361,1
1128,361,1
1461,361,1
1844,361,1
1015,362,1
1443,362,1
1014,362,1
303,362,1
192,362,1
135,362,1
2417,362,1
1767,362,1
186,362,1
1955,362,1
1142,362,1
4,362,1
855,362,1
1672,362,1
86,362,1
101,362,1
2197,362,1
2332,362,1
1390,362,1
2218,362,1
368,362,1
120,362,1
127,362,1
852,362,1
226,362,1
1483,362,1
49,362,1
1820,362,1
2241,362,1
1954,362,1
578,362,1
2178,362,1
863,362,1
1927,362,1
2409,362,1
2142,362,1
1867,362,1
2253,362,1
1724,362,1
1028,362,1
1971,362,1
675,362,1
204,363,1
1401,363,1
841,363,1
371,363,1
1398,363,1
892,363,1
582,363,1
605,363,1
357,363,1
712,363,1
96,363,1
1844,363,1
20,363,1
90,363,1
889,363,1
2183,363,1
1490,363,1
877,363,1
1624,363,1
2008,363,1
2345,363,1
774,364,1
1444,364,1
590,364,1
1553,364,1
872,364,1
1471,364,1
794,364,1
1351,364,1
595,364,1
714,364,1
2338,364,1
226,364,1
1902,364,1
1106,364,1
1949,364,1
989,364,1
1171,364,1
659,364,1
339,364,1
942,364,1
1688,364,1
2175,364,1
7,364,1
1090,364,1
1867,364,1
1839,364,1
2413,364,1
574,364,1
2284,364,1
914,364,1
201,365,1
1359,365,1
1675,365,1
2349,365,1
179,365,1
1566,365,1
2290,365,1
1512,365,1
1105,365,1
494,365,1
203,365,1
679,365,1
674,365,1
448,365,1
2166,365,1
957,365,1
2241,365,1
690,365,1
2323,365,1
757,365,1
175,365,1
2230,365,1
1440,365,1
2041,365,1
445,365,1
2065,365,1
239,365,1
279,365,1
2379,365,1
1198,365,1
1338,365,1
931,366,1
1783,366,1
135,366,1
1334,366,1
1262,366,1
2361,366,1
142,366,1
1375,366,1
1792,366,1
70,366,1
1397,366,1
2148,366,1
1732,366,1
1876,366,1
1905,366,1
448,366,1
1148,366,1
1823,366,1
1527,366,1
152,366,1
1114,366,1
2340,367,1
762,367,1
88,367,1
676,367,1
2137,367,1
1038,367,1
1014,367,1
981,367,1
292,367,1
135,367,1
1892,367,1
1680,367,1
2322,367,1
1590,367,1
1873,367,1
1333,367,1
1783,367,1
892,367,1
2175,367,1
2144,367,1
1082,367,1
1622,367,1
2060,367,1
2058,367,1
856,367,1
2377,367,1
2369,367,1
1010,367,1
1872,367,1
2053,367,1
1450,367,1
1806,367,1
341,367,1
1350,367,1
2215,367,1
1279,367,1
2267,367,1
75,367,1
1800,367,1
1084,367,1
940,367,1
101,367,1
1512,367,1
1421,367,1
1375,367,1
1677,367,1
2279,367,1
237,367,1
503,367,1
1367,367,1
301,367,1
732,367,1
1867,367,1
2381,367,1
150,367,1
1103,367,1
489,367,1
2159,367,1
359,367,1
70,367,1
821,367,1
1190,367,1
2148,367,1
690,367,1
1668,367,1
1986,367,1
2166,367,1
1862,367,1
1687,367,1
2382,367,1
632,367,1
1565,367,1
15,367,1
2205,367,1
1574,367,1
499,367,1
2280,367,1
380,367,1
1832,367,1
1578,367,1
1080,367,1
2063,367,1
308,367,1
246,367,1
591,367,1
221,367,1
1953,367,1
1507,367,1
163,367,1
391,367,1
252,367,1
152,367,1
763,368,1
553,368,1
434,368,1
929,368,1
1388,368,1
1218,368,1
127,368,1
1007,368,1
1514,368,1
607,368,1
30,369,1
1163,369,1
2342,369,1
286,369,1
1511,369,1
984,369,1
2168,369,1
135,369,1
1304,369,1
602,369,1
2180,369,1
1038,369,1
477,369,1
2062,369,1
1590,369,1
729,369,1
158,369,1
302,369,1
1211,369,1
62,369,1
610,369,1
1003,369,1
1580,369,1
929,369,1
425,369,1
1795,369,1
700,369,1
1117,369,1
698,369,1
1093,369,1
1658,369,1
187,369,1
1663,369,1
714,369,1
659,369,1
1022,369,1
615,369,1
785,369,1
623,369,1
1020,369,1
741,369,1
2343,369,1
1397,369,1
1970,369,1
864,369,1
920,369,1
2100,369,1
2218,369,1
229,369,1
569,369,1
318,369,1
2090,369,1
2094,369,1
382,369,1
189,369,1
1077,369,1
448,369,1
828,369,1
2166,369,1
704,369,1
2354,369,1
1719,369,1
565,369,1
2378,369,1
1481,369,1
1383,369,1
1247,369,1
895,369,1
690,369,1
524,369,1
40,369,1
548,369,1
692,369,1
2388,369,1
278,369,1
2209,369,1
2071,369,1
1589,369,1
1094,369,1
1215,369,1
2353,369,1
1288,369,1
1457,369,1
1917,369,1
544,369,1
2091,369,1
245,369,1
2164,369,1
1347,369,1
964,369,1
266,369,1
1721,369,1
361,369,1
1897,369,1
2253,369,1
2250,369,1
272,369,1
1010,369,1
467,369,1
1510,369,1
1468,369,1
2406,369,1
1648,369,1
1465,369,1
538,369,1
2379,369,1
914,369,1
550,369,1
737,369,1
2162,370,1
1489,370,1
589,370,1
1682,370,1
201,370,1
1966,370,1
679,370,1
364,370,1
405,370,1
1867,370,1
1649,370,1
1075,370,1
1318,370,1
805,370,1
173,371,1
882,371,1
751,371,1
2011,371,1
2318,371,1
1913,371,1
1311,371,1
1471,371,1
583,371,1
429,371,1
2221,371,1
479,371,1
1006,371,1
2330,371,1
2213,371,1
1653,371,1
127,371,1
191,371,1
1654,371,1
1119,371,1
1237,371,1
2153,371,1
1637,371,1
401,371,1
932,371,1
1402,371,1
630,371,1
1421,372,1
1116,372,1
1037,372,1
2342,372,1
286,372,1
1117,372,1
2320,372,1
1511,372,1
2081,372,1
518,372,1
1438,372,1
2310,372,1
99,372,1
1082,372,1
1622,372,1
1795,372,1
2340,372,1
1767,372,1
2090,372,1
1236,372,1
1530,372,1
1800,372,1
203,372,1
430,372,1
2117,372,1
1324,372,1
2100,372,1
881,372,1
1851,372,1
2212,372,1
2248,373,1
1030,373,1
4,373,1
2320,373,1
899,373,1
180,373,1
2134,373,1
1961,373,1
2072,373,1
77,373,1
2215,373,1
714,373,1
307,373,1
2057,373,1
2203,373,1
1627,373,1
201,373,1
709,373,1
207,373,1
819,373,1
19,373,1
615,373,1
127,373,1
1747,373,1
1017,373,1
1206,373,1
2032,373,1
44,373,1
1844,373,1
546,373,1
1434,373,1
1681,373,1
516,373,1
2175,373,1
1587,373,1
910,373,1
1185,373,1
701,373,1
1846,373,1
1790,373,1
439,373,1
1140,373,1
483,373,1
1722,373,1
774,374,1
2011,374,1
362,374,1
97,374,1
1530,374,1
30,374,1
1071,374,1
1842,374,1
2321,374,1
1545,374,1
2062,374,1
1398,374,1
1628,374,1
1844,374,1
582,374,1
1335,374,1
1167,374,1
1281,374,1
324,374,1
94,374,1
1960,374,1
800,374,1
367,374,1
2057,374,1
785,374,1
1247,374,1
39,374,1
530,374,1
1632,374,1
1051,374,1
448,374,1
941,374,1
2166,374,1
1481,374,1
757,374,1
1341,374,1
1666,374,1
1288,374,1
1220,374,1
1878,374,1
909,374,1
810,374,1
544,374,1
1881,374,1
365,374,1
435,374,1
2183,374,1
2360,374,1
1491,374,1
1265,374,1
1076,374,1
1471,374,1
2426,374,1
97,375,1
1380,375,1
652,375,1
1117,375,1
2220,375,1
774,375,1
1467,375,1
2168,375,1
825,375,1
984,375,1
526,375,1
729,375,1
1738,375,1
1196,375,1
1333,375,1
2094,375,1
575,375,1
2047,375,1
794,375,1
1493,375,1
929,375,1
969,375,1
1084,375,1
2327,375,1
2022,375,1
1919,375,1
1250,375,1
2101,375,1
1580,375,1
480,375,1
1847,375,1
1178,375,1
509,375,1
2088,375,1
462,375,1
1854,375,1
1872,375,1
477,375,1
589,375,1
1604,375,1
2371,375,1
820,375,1
1725,375,1
665,375,1
140,375,1
1246,375,1
1460,375,1
1677,375,1
1985,375,1
1476,375,1
11,375,1
2224,375,1
51,375,1
1636,375,1
1471,375,1
920,375,1
2176,375,1
785,375,1
1066,375,1
343,375,1
1397,375,1
1787,375,1
1049,375,1
303,375,1
1541,375,1
1421,375,1
1365,375,1
2267,375,1
311,375,1
189,375,1
569,375,1
2239,375,1
828,375,1
1719,375,1
1960,375,1
2378,375,1
1383,375,1
880,375,1
2175,375,1
939,375,1
448,375,1
2323,375,1
1464,375,1
815,375,1
714,375,1
732,375,1
1001,375,1
67,375,1
1644,375,1
1078,375,1
489,375,1
744,375,1
248,375,1
1440,375,1
1457,375,1
418,375,1
175,375,1
2091,375,1
278,375,1
1803,375,1
1075,375,1
1721,375,1
1641,375,1
1886,375,1
2253,375,1
375,375,1
1773,375,1
297,375,1
2152,375,1
1190,375,1
2017,375,1
1935,375,1
565,375,1
1010,375,1
33,375,1
1074,375,1
2426,375,1
2167,375,1
650,375,1
1752,375,1
36,375,1
2162,376,1
2395,376,1
1658,376,1
1682,376,1
898,376,1
201,376,1
1966,376,1
679,376,1
364,376,1
939,376,1
1867,376,1
1579,376,1
1649,376,1
1075,376,1
1298,377,1
1117,377,1
1467,377,1
1948,377,1
2062,377,1
714,377,1
134,377,1
812,377,1
1145,377,1
565,377,1
2058,377,1
2327,377,1
2377,377,1
1872,377,1
1236,377,1
1084,377,1
2328,377,1
512,377,1
1075,377,1
1679,377,1
1196,377,1
11,377,1
127,377,1
229,377,1
111,377,1
1001,377,1
448,377,1
2241,377,1
815,377,1
551,377,1
2323,377,1
1644,377,1
885,377,1
845,377,1
2382,377,1
399,377,1
2388,377,1
961,377,1
2161,377,1
474,377,1
1336,377,1
536,377,1
1056,377,1
259,377,1
1542,377,1
914,377,1
1047,377,1
2114,378,1
335,378,1
1471,378,1
1037,378,1
729,378,1
1769,378,1
1467,378,1
2088,378,1
1272,378,1
843,378,1
1496,378,1
475,378,1
2174,378,1
2342,378,1
714,378,1
302,378,1
1580,378,1
794,378,1
2101,378,1
2386,378,1
480,378,1
2377,378,1
1010,378,1
1512,378,1
1918,378,1
2343,378,1
1872,378,1
642,378,1
1530,378,1
1224,378,1
1084,378,1
915,378,1
2,378,1
871,378,1
1196,378,1
1563,378,1
2265,378,1
127,378,1
2371,378,1
1395,378,1
785,378,1
237,378,1
229,378,1
1154,378,1
162,378,1
2170,378,1
1960,378,1
311,378,1
835,378,1
1506,378,1
448,378,1
939,378,1
1383,378,1
214,378,1
840,378,1
1644,378,1
1544,378,1
1288,378,1
1457,378,1
2132,378,1
1721,378,1
1219,378,1
944,378,1
1075,378,1
1648,378,1
612,378,1
1492,378,1
565,378,1
2087,378,1
365,378,1
1074,378,1
724,378,1
745,378,1
1884,378,1
693,378,1
1631,378,1
257,378,1
1704,378,1
770,379,1
1053,379,1
270,379,1
520,379,1
2091,379,1
69,379,1
1037,380,1
2011,380,1
1985,380,1
1046,380,1
362,380,1
66,380,1
97,380,1
364,380,1
1530,380,1
81,380,1
1071,380,1
16,380,1
841,380,1
952,380,1
2026,380,1
1398,380,1
289,380,1
2039,380,1
510,380,1
2321,380,1
376,380,1
929,380,1
714,380,1
960,380,1
2127,380,1
1560,380,1
1218,380,1
941,380,1
1671,380,1
2125,380,1
1224,380,1
1476,380,1
2290,380,1
1991,380,1
813,380,1
2251,380,1
1195,380,1
2364,380,1
1928,380,1
1844,380,1
256,380,1
508,380,1
1745,380,1
2322,380,1
1272,381,1
526,381,1
2390,381,1
2261,381,1
2058,381,1
1975,381,1
507,381,1
1899,381,1
2166,381,1
954,381,1
1572,381,1
1954,381,1
1612,381,1
1057,381,1
1575,381,1
1867,381,1
792,381,1
149,381,1
1948,382,1
2255,382,1
1797,382,1
412,382,1
306,382,1
2374,382,1
794,382,1
1938,382,1
1305,382,1
4,382,1
1846,382,1
1892,382,1
1105,382,1
2328,382,1
1294,382,1
463,382,1
1447,382,1
201,382,1
1801,382,1
1062,382,1
2375,382,1
1367,382,1
1304,382,1
127,382,1
1206,382,1
1195,382,1
691,382,1
1377,382,1
2312,382,1
107,382,1
238,382,1
1844,382,1
868,382,1
2120,382,1
1439,382,1
2000,382,1
2145,382,1
2278,382,1
153,382,1
1674,382,1
2292,382,1
156,382,1
2220,383,1
796,383,1
2424,383,1
1799,383,1
1479,383,1
411,383,1
920,383,1
656,383,1
1786,383,1
714,383,1
1476,383,1
1546,383,1
453,383,1
466,383,1
1969,383,1
58,383,1
2411,383,1
574,383,1
681,383,1
1624,383,1
1791,383,1
1613,383,1
2044,383,1
133,384,1
451,384,1
1627,384,1
1888,384,1
135,384,1
236,384,1
187,384,1
1889,384,1
357,384,1
1531,384,1
412,384,1
64,384,1
200,384,1
1269,384,1
1438,384,1
872,384,1
1089,384,1
25,384,1
915,384,1
2230,384,1
920,384,1
1786,384,1
1564,384,1
1237,384,1
1171,384,1
1821,384,1
2423,384,1
201,384,1
714,384,1
37,384,1
1447,384,1
1607,384,1
1600,384,1
127,384,1
1632,384,1
1206,384,1
1985,384,1
1907,384,1
1170,384,1
1784,384,1
2166,384,1
2120,384,1
970,384,1
581,384,1
846,384,1
944,384,1
1846,384,1
1613,384,1
557,384,1
340,384,1
2373,384,1
2065,384,1
1648,384,1
1850,384,1
1114,384,1
2274,384,1
724,384,1
2044,384,1
1844,385,1
268,385,1
629,385,1
1590,385,1
370,385,1
948,385,1
2185,385,1
1787,385,1
1737,385,1
982,385,1
2085,385,1
79,385,1
547,385,1
2000,385,1
851,385,1
1364,385,1
579,385,1
1911,385,1
754,385,1
300,385,1
63,385,1
117,385,1
196,386,1
227,386,1
1696,386,1
2165,386,1
1387,386,1
714,386,1
2313,386,1
2324,386,1
210,386,1
819,386,1
68,386,1
2036,386,1
1725,386,1
1075,386,1
24,386,1
2048,386,1
484,386,1
2367,386,1
1151,386,1
898,386,1
252,386,1
262,386,1
1077,386,1
1272,387,1
186,387,1
1069,387,1
932,387,1
507,387,1
785,387,1
628,387,1
435,387,1
303,387,1
1867,387,1
2284,387,1
2085,387,1
1892,388,1
938,388,1
1923,388,1
215,388,1
2113,388,1
1241,388,1
2220,388,1
2196,388,1
1637,388,1
582,388,1
2134,388,1
125,388,1
1409,388,1
2348,388,1
494,388,1
357,388,1
1695,388,1
1170,388,1
1807,388,1
656,388,1
127,388,1
1805,388,1
915,388,1
1971,388,1
1894,388,1
2175,388,1
2120,388,1
944,388,1
1026,388,1
1887,388,1
2398,388,1
484,388,1
1322,388,1
2004,388,1
1395,388,1
2391,388,1
2019,388,1
1911,388,1
1265,388,1
173,389,1
1050,389,1
2318,389,1
1913,389,1
567,389,1
1637,389,1
42,389,1
1334,389,1
1391,389,1
2333,389,1
1642,389,1
1829,389,1
2221,389,1
1222,389,1
2306,389,1
1006,389,1
2330,389,1
1402,389,1
1521,389,1
2104,389,1
2213,389,1
932,389,1
1894,389,1
2290,389,1
1653,389,1
191,389,1
129,389,1
1471,389,1
490,389,1
718,389,1
630,389,1
1296,390,1
1030,390,1
1844,390,1
2128,391,1
26,391,1
1329,391,1
1830,391,1
718,391,1
107,391,1
1595,391,1
681,391,1
2409,391,1
272,391,1
92,392,1
2090,392,1
2338,392,1
1869,392,1
913,392,1
271,393,1
1229,393,1
62,393,1
808,393,1
247,393,1
337,393,1
2265,393,1
630,393,1
1275,393,1
2133,393,1
269,393,1
1053,393,1
1543,393,1
914,393,1
610,394,1
357,394,1
1227,394,1
1483,394,1
968,395,1
1554,395,1
618,395,1
2159,395,1
173,396,1
303,396,1
567,396,1
127,396,1
2221,396,1
91,396,1
2306,396,1
1521,396,1
2213,396,1
1894,396,1
191,396,1
2153,396,1
401,396,1
718,396,1
2104,396,1
1235,396,1
213,396,1
1027,396,1
1870,396,1
31,396,1
1789,396,1
1583,396,1
2084,397,1
1472,397,1
408,397,1
135,397,1
2340,397,1
2419,397,1
2313,397,1
454,397,1
222,397,1
2103,397,1
792,397,1
165,397,1
431,397,1
573,397,1
1383,397,1
957,397,1
71,397,1
547,397,1
138,397,1
1673,397,1
2356,397,1
61,397,1
839,397,1
281,397,1
489,397,1
26,398,1
2211,398,1
729,398,1
705,398,1
251,398,1
955,398,1
3,398,1
357,398,1
1368,398,1
507,398,1
675,398,1
2025,398,1
1447,398,1
2085,398,1
1251,398,1
810,398,1
2246,398,1
1790,398,1
1977,398,1
2233,398,1
435,398,1
303,398,1
173,399,1
2246,399,1
1786,399,1
2306,399,1
1521,399,1
2134,399,1
1402,399,1
1053,399,1
417,399,1
630,399,1
2220,400,1
491,400,1
1128,400,1
2093,400,1
2181,400,1
1684,400,1
695,400,1
1351,400,1
1686,400,1
2173,400,1
494,400,1
1001,400,1
659,400,1
1062,400,1
2375,400,1
227,400,1
907,400,1
1727,400,1
1203,400,1
2312,400,1
372,400,1
1867,400,1
224,400,1
619,400,1
153,400,1
1527,400,1
1860,400,1
1125,400,1
1545,401,1
2011,401,1
531,401,1
799,401,1
841,401,1
1421,401,1
324,401,1
155,401,1
1940,401,1
1666,401,1
889,401,1
1471,401,1
1787,401,1
1000,401,1
2036,401,1
1844,401,1
1096,401,1
1348,401,1
714,401,1
556,401,1
435,401,1
565,401,1
174,401,1
397,401,1
609,401,1
2337,401,1
415,402,1
66,402,1
866,402,1
1256,402,1
496,402,1
135,402,1
825,402,1
477,402,1
2424,402,1
2333,402,1
1472,402,1
1438,402,1
1763,402,1
1795,402,1
324,402,1
2383,402,1
216,402,1
809,402,1
1775,402,1
1342,402,1
1287,402,1
778,402,1
1641,402,1
1725,402,1
1622,402,1
1747,402,1
2224,402,1
430,402,1
310,402,1
394,402,1
1678,402,1
1784,402,1
616,402,1
1802,402,1
1563,402,1
1035,402,1
2198,402,1
1716,402,1
2354,402,1
2090,402,1
714,402,1
1174,402,1
2206,402,1
448,402,1
15,402,1
1884,402,1
909,402,1
1249,402,1
499,402,1
2382,402,1
554,402,1
594,402,1
67,402,1
175,402,1
2087,402,1
174,402,1
1767,402,1
383,402,1
717,402,1
693,402,1
538,402,1
773,402,1
1129,402,1
1111,403,1
1421,403,1
232,403,1
477,403,1
1334,403,1
1333,403,1
1795,403,1
1695,403,1
749,403,1
64,403,1
1374,403,1
876,403,1
2423,403,1
431,403,1
222,403,1
1482,403,1
1755,403,1
448,403,1
2250,403,1
1075,403,1
2366,403,1
2161,403,1
1146,403,1
2311,403,1
1033,403,1
1570,403,1
878,403,1
858,403,1
944,403,1
2307,403,1
1926,403,1
2406,403,1
369,403,1
196,403,1
2379,403,1
1425,404,1
1267,404,1
2162,404,1
409,404,1
2227,404,1
804,404,1
1795,404,1
901,404,1
1852,404,1
1635,404,1
2328,404,1
1927,404,1
1686,404,1
2110,404,1
1421,404,1
2314,404,1
1166,404,1
1174,404,1
1815,404,1
1422,404,1
1656,404,1
192,404,1
65,405,1
1202,405,1
870,405,1
1653,405,1
948,405,1
1052,405,1
1364,405,1
1992,405,1
724,405,1
729,406,1
495,406,1
1290,406,1
459,406,1
1112,406,1
129,406,1
965,406,1
29,406,1
201,406,1
453,406,1
1971,406,1
2375,406,1
1639,406,1
2159,406,1
586,406,1
1870,406,1
2376,406,1
2171,406,1
295,406,1
69,406,1
1571,407,1
728,407,1
1101,407,1
568,407,1
549,407,1
1958,407,1
824,407,1
1629,407,1
1162,407,1
389,407,1
337,407,1
1376,407,1
1211,407,1
409,407,1
1310,407,1
2227,407,1
575,407,1
2364,407,1
75,407,1
357,407,1
446,407,1
1689,407,1
1660,407,1
456,407,1
752,407,1
957,407,1
588,407,1
1765,407,1
593,407,1
2411,407,1
628,407,1
1115,407,1
1927,407,1
85,407,1
2085,407,1
1103,407,1
1559,407,1
96,407,1
1215,407,1
2138,407,1
986,407,1
1587,407,1
795,407,1
1399,407,1
955,407,1
266,407,1
1708,407,1
2402,407,1
1661,407,1
1423,407,1
225,407,1
1973,407,1
2250,407,1
2295,407,1
579,407,1
2145,407,1
2233,407,1
1612,407,1
2325,407,1
867,407,1
413,407,1
1805,407,1
12,407,1
1589,407,1
1029,407,1
2425,407,1
1024,407,1
1525,407,1
1818,407,1
1518,407,1
707,408,1
1014,408,1
920,408,1
2211,408,1
637,408,1
2180,408,1
777,408,1
192,408,1
1321,408,1
143,408,1
686,408,1
945,408,1
376,408,1
1303,408,1
789,408,1
95,408,1
2085,408,1
127,408,1
1154,408,1
1483,408,1
939,408,1
1068,408,1
2092,408,1
1687,408,1
850,408,1
1045,408,1
147,408,1
239,408,1
1507,408,1
1125,408,1
841,409,1
1702,410,1
2420,410,1
1783,410,1
1511,410,1
1311,410,1
1593,410,1
1334,410,1
2160,410,1
1384,410,1
1892,410,1
1580,410,1
794,410,1
2321,410,1
1084,410,1
1767,410,1
1669,410,1
736,410,1
593,410,1
797,410,1
626,410,1
1563,410,1
785,410,1
85,410,1
1632,410,1
1867,410,1
230,410,1
111,410,1
229,410,1
2075,410,1
1397,410,1
1716,410,1
1966,410,1
1905,410,1
895,410,1
448,410,1
57,410,1
1565,410,1
1355,410,1
1787,410,1
248,410,1
245,410,1
1033,410,1
1823,410,1
1832,410,1
511,410,1
1527,410,1
2302,410,1
725,410,1
1068,410,1
1618,410,1
497,410,1
336,410,1
126,410,1
1209,410,1
1077,410,1
1041,410,1
1265,410,1
1450,410,1
862,410,1
279,410,1
1796,410,1
2379,410,1
1693,410,1
1631,410,1
1458,410,1
97,411,1
235,411,1
531,411,1
1545,411,1
785,411,1
712,411,1
2015,411,1
1632,411,1
2200,411,1
1681,411,1
1844,411,1
1972,411,1
2244,411,1
2230,411,1
2345,411,1
365,411,1
257,411,1
1338,411,1
533,412,1
1511,412,1
1690,412,1
164,412,1
456,412,1
1622,412,1
1893,412,1
1084,412,1
807,412,1
1350,412,1
1949,412,1
441,412,1
631,412,1
656,412,1
1157,412,1
187,412,1
2424,412,1
16,412,1
1112,412,1
1807,412,1
263,412,1
2166,412,1
2241,412,1
1892,412,1
245,412,1
1578,412,1
2376,412,1
1470,412,1
248,412,1
511,412,1
1033,412,1
1080,412,1
1483,412,1
445,412,1
1249,412,1
805,412,1
793,413,1
2340,413,1
81,413,1
981,413,1
1155,413,1
2377,413,1
2215,413,1
1604,413,1
1084,413,1
118,413,1
503,413,1
301,413,1
2159,413,1
1446,413,1
617,413,1
230,413,1
1711,413,1
416,413,1
1265,413,1
591,413,1
1483,413,1
152,413,1
271,414,1
1178,414,1
1158,414,1
1771,414,1
2113,415,1
1084,415,1
1500,415,1
710,415,1
1493,415,1
2101,415,1
2196,415,1
619,415,1
1587,415,1
982,416,1
2085,416,1
2315,416,1
300,416,1
552,416,1
1787,416,1
1777,417,1
892,417,1
637,417,1
81,417,1
1311,418,1
610,418,1
357,418,1
622,418,1
1227,418,1
1587,419,1
16,419,1
1835,419,1
1821,419,1
939,419,1
1755,419,1
1906,419,1
1140,419,1
259,419,1
882,420,1
1380,420,1
593,420,1
1824,420,1
920,420,1
1822,420,1
158,420,1
1444,420,1
26,420,1
837,420,1
192,420,1
1421,420,1
1384,420,1
2099,420,1
2390,420,1
1223,421,1
2011,421,1
794,421,1
2386,421,1
412,421,1
1698,421,1
819,421,1
1839,421,1
1767,421,1
681,421,1
372,421,1
1379,421,1
2107,421,1
845,421,1
574,421,1
1926,421,1
30,422,1
2342,422,1
2180,422,1
963,422,1
1438,422,1
2310,422,1
477,422,1
2343,422,1
1871,422,1
434,422,1
1229,422,1
2340,422,1
2118,422,1
299,422,1
1900,422,1
1361,422,1
1585,422,1
1580,422,1
324,422,1
929,422,1
2058,422,1
2383,422,1
425,422,1
1795,422,1
1250,422,1
480,422,1
2377,422,1
1738,422,1
1512,422,1
1142,422,1
1872,422,1
2419,422,1
642,422,1
1556,422,1
1105,422,1
1154,422,1
95,422,1
55,422,1
593,422,1
2280,422,1
1059,422,1
1663,422,1
1460,422,1
2085,422,1
659,422,1
2193,422,1
476,422,1
1164,422,1
1062,422,1
1784,422,1
127,422,1
448,422,1
785,422,1
237,422,1
489,422,1
85,422,1
1678,422,1
513,422,1
1787,422,1
111,422,1
2100,422,1
2076,422,1
229,422,1
2198,422,1
900,422,1
301,422,1
915,422,1
569,422,1
488,422,1
2094,422,1
828,422,1
598,422,1
460,422,1
2266,422,1
1506,422,1
508,422,1
1247,422,1
1383,422,1
2175,422,1
136,422,1
1278,422,1
2323,422,1
15,422,1
406,422,1
909,422,1
345,422,1
1644,422,1
1502,422,1
175,422,1
1589,422,1
2074,422,1
2163,422,1
1010,422,1
499,422,1
214,422,1
1457,422,1
500,422,1
2091,422,1
245,422,1
1567,422,1
1803,422,1
1219,422,1
1550,422,1
2150,422,1
1773,422,1
715,422,1
1001,422,1
1095,422,1
2250,422,1
565,422,1
2087,422,1
244,422,1
1839,422,1
467,422,1
858,422,1
1428,422,1
2406,422,1
717,422,1
1818,422,1
1471,423,1
1421,423,1
2349,423,1
859,423,1
2187,423,1
1566,423,1
1829,423,1
1844,423,1
1015,424,1
2012,424,1
610,424,1
1269,424,1
920,424,1
1771,425,1
521,425,1
179,425,1
1349,425,1
592,425,1
752,425,1
1084,425,1
458,425,1
907,425,1
1246,425,1
2166,425,1
1462,425,1
2140,425,1
574,425,1
944,425,1
771,425,1
1117,426,1
610,426,1
111,426,1
1000,426,1
1448,426,1
268,427,1
1421,427,1
37,427,1
2055,427,1
1892,427,1
1844,427,1
1911,427,1
681,427,1
914,427,1
2346,428,1
456,428,1
738,428,1
2058,428,1
1630,428,1
2262,428,1
1725,428,1
1802,428,1
339,428,1
85,428,1
1427,428,1
2382,428,1
252,428,1
1045,428,1
1578,428,1
2356,428,1
418,428,1
2326,428,1
1249,428,1
1897,428,1
1782,428,1
2360,428,1
1891,428,1
1572,429,1
1527,429,1
1483,429,1
445,429,1
2130,429,1
1332,429,1
1952,429,1
1680,430,1
1325,430,1
2011,430,1
2227,430,1
2305,430,1
794,430,1
2317,430,1
357,430,1
1342,430,1
1846,430,1
1366,430,1
1720,430,1
1294,430,1
1725,430,1
1801,430,1
1017,430,1
691,430,1
2312,430,1
107,430,1
1594,430,1
1844,430,1
2000,430,1
2171,430,1
1961,430,1
1067,430,1
69,430,1
2029,430,1
1818,430,1
1844,431,1
1071,431,1
97,431,1
531,431,1
1892,431,1
364,431,1
1167,431,1
1930,431,1
2014,431,1
887,431,1
785,431,1
159,431,1
1617,431,1
2223,431,1
2282,431,1
748,431,1
750,431,1
2018,431,1
2322,431,1
943,431,1
699,431,1
1860,431,1
2325,431,1
565,431,1
1596,431,1
1316,431,1
1109,432,1
337,432,1
1053,432,1
1976,432,1
269,432,1
863,432,1
648,432,1
1543,432,1
914,432,1
184,432,1
1311,433,1
2342,433,1
1538,433,1
2146,433,1
1444,433,1
2196,433,1
799,433,1
1269,433,1
872,433,1
794,433,1
108,433,1
1639,433,1
76,433,1
1985,433,1
1984,433,1
1786,433,1
1076,433,1
1424,433,1
502,433,1
560,433,1
827,433,1
153,433,1
1589,433,1
1664,433,1
2000,433,1
1067,433,1
1647,433,1
1953,433,1
805,433,1
1077,433,1
629,434,1
2321,434,1
1636,434,1
268,434,1
2125,434,1
531,435,1
303,435,1
1038,435,1
1605,435,1
2312,435,1
2249,435,1
888,435,1
1836,435,1
252,435,1
1071,436,1
1538,436,1
1061,436,1
2243,436,1
1844,436,1
1357,436,1
2085,436,1
889,436,1
1971,436,1
173,437,1
2321,437,1
2318,437,1
208,437,1
2221,437,1
479,437,1
2306,437,1
1006,437,1
1521,437,1
1402,437,1
2213,437,1
1894,437,1
1653,437,1
1654,437,1
490,437,1
853,437,1
630,437,1
2011,438,1
1071,438,1
1108,438,1
729,438,1
651,438,1
677,438,1
324,438,1
2388,438,1
1281,438,1
2223,438,1
392,438,1
785,438,1
1871,438,1
957,438,1
1632,438,1
358,438,1
2364,438,1
1725,438,1
701,438,1
1589,438,1
2244,438,1
2382,438,1
544,438,1
1253,438,1
365,438,1
174,438,1
1316,438,1
1074,439,1
1306,439,1
2272,439,1
955,439,1
1829,439,1
1368,439,1
710,439,1
642,439,1
1844,439,1
1421,439,1
2036,439,1
1159,439,1
1509,439,1
1661,439,1
2392,439,1
522,439,1
1288,439,1
192,439,1
1575,439,1
435,439,1
519,439,1
1710,439,1
801,439,1
128,439,1
2049,439,1
1495,440,1
1942,440,1
1610,440,1
52,440,1
137,440,1
378,440,1
1468,440,1
50,441,1
1844,441,1
1021,441,1
153,441,1
2399,441,1
1514,441,1
801,441,1
1084,442,1
1630,442,1
354,442,1
957,442,1
1075,442,1
2173,442,1
507,442,1
1854,442,1
1484,442,1
1732,442,1
1421,443,1
1489,443,1
859,443,1
1726,443,1
1892,443,1
2064,443,1
794,443,1
1843,443,1
2072,443,1
1902,443,1
674,443,1
445,443,1
689,443,1
2323,443,1
2346,443,1
1286,443,1
633,443,1
1191,443,1
279,443,1
1047,443,1
92,444,1
2424,444,1
2321,444,1
135,444,1
1853,444,1
977,444,1
2210,444,1
983,444,1
142,444,1
1472,444,1
1074,444,1
1179,444,1
2058,444,1
1580,444,1
1630,444,1
354,444,1
599,444,1
1084,444,1
2262,444,1
813,444,1
940,444,1
2230,444,1
4,444,1
2347,444,1
727,444,1
489,444,1
715,444,1
341,444,1
311,444,1
1383,444,1
61,444,1
1687,444,1
1045,444,1
444,444,1
1753,444,1
2356,444,1
2163,444,1
2096,444,1
702,444,1
447,444,1
572,444,1
98,444,1
1592,444,1
2184,444,1
2070,444,1
1114,444,1
257,444,1
2012,445,1
1746,445,1
454,445,1
841,445,1
2217,445,1
729,445,1
1281,445,1
908,445,1
794,445,1
1960,445,1
800,445,1
1817,445,1
1128,445,1
37,445,1
540,445,1
1844,445,1
226,445,1
1082,446,1
2258,446,1
1960,446,1
1053,446,1
1952,446,1
2392,447,1
1724,447,1
692,447,1
2274,448,1
998,448,1
829,448,1
1788,448,1
1629,448,1
1101,448,1
2301,448,1
2009,448,1
1915,448,1
986,448,1
610,448,1
816,448,1
2139,448,1
1376,448,1
2155,448,1
1250,448,1
1795,448,1
901,448,1
29,448,1
1784,448,1
1892,448,1
1303,448,1
2324,448,1
1689,448,1
1974,448,1
1859,448,1
2332,448,1
2341,448,1
539,448,1
2347,448,1
1685,448,1
237,448,1
351,448,1
364,448,1
900,448,1
1968,448,1
1804,448,1
569,448,1
110,448,1
1031,448,1
847,448,1
974,448,1
1755,448,1
1691,448,1
448,448,1
1809,448,1
2132,448,1
514,448,1
2170,448,1
1969,448,1
291,448,1
822,448,1
1249,448,1
1095,448,1
2091,448,1
2019,448,1
1759,448,1
1109,448,1
2406,448,1
1033,448,1
1265,448,1
390,448,1
1114,448,1
1818,448,1
1411,448,1
869,448,1
1160,448,1
2137,449,1
135,449,1
2239,449,1
1074,450,1
1629,450,1
1261,450,1
1744,450,1
1844,450,1
2294,450,1
932,450,1
2162,450,1
357,450,1
2025,450,1
1927,450,1
1791,450,1
471,450,1
2230,450,1
1723,450,1
2166,450,1
1981,450,1
1251,450,1
1544,450,1
303,450,1
1480,450,1
774,451,1
813,451,1
677,451,1
1061,451,1
299,451,1
1326,451,1
1341,451,1
2185,451,1
581,451,1
982,451,1
2212,451,1
2085,451,1
79,451,1
2371,451,1
1739,451,1
1787,451,1
1364,451,1
1646,451,1
366,451,1
1994,451,1
547,451,1
1911,451,1
851,451,1
607,451,1
300,451,1
2086,451,1
1071,452,1
1923,452,1
1181,452,1
1698,452,1
588,452,1
1105,452,1
1192,452,1
1087,452,1
127,452,1
1844,452,1
1139,452,1
20,452,1
1846,452,1
2105,452,1
629,453,1
1916,453,1
804,453,1
638,453,1
1686,453,1
2117,453,1
658,453,1
460,453,1
785,453,1
1275,453,1
2036,453,1
222,453,1
2166,453,1
476,453,1
1288,453,1
435,453,1
2229,453,1
1379,453,1
1277,453,1
1298,454,1
1680,454,1
2011,454,1
296,454,1
1523,454,1
187,454,1
306,454,1
2305,454,1
794,454,1
1074,454,1
1846,454,1
127,454,1
1736,454,1
2328,454,1
2196,454,1
1725,454,1
437,454,1
2312,454,1
2000,454,1
1067,454,1
69,454,1
914,454,1
1071,455,1
2317,455,1
677,455,1
173,456,1
794,456,1
429,456,1
1770,456,1
49,456,1
2417,456,1
333,456,1
127,456,1
796,456,1
490,456,1
1235,456,1
1471,456,1
2104,456,1
31,456,1
489,456,1
2134,456,1
1015,457,1
1108,457,1
2361,457,1
2009,457,1
2220,457,1
610,457,1
1166,457,1
456,457,1
1171,457,1
2348,457,1
1157,457,1
1678,457,1
569,457,1
1295,457,1
1000,457,1
447,457,1
2170,457,1
848,457,1
1033,457,1
1953,457,1
2010,457,1
1123,457,1
2091,457,1
554,457,1
2406,457,1
526,458,1
1137,458,1
1398,458,1
1603,458,1
2392,459,1
1724,459,1
692,459,1
1515,460,1
843,460,1
212,460,1
127,460,1
948,460,1
2058,460,1
201,460,1
1787,460,1
2284,460,1
1459,460,1
445,460,1
1041,460,1
805,460,1
495,461,1
1074,461,1
696,461,1
533,461,1
1695,461,1
2060,461,1
2196,461,1
194,461,1
1070,461,1
2036,461,1
2299,461,1
1494,461,1
704,461,1
2344,461,1
2260,461,1
152,461,1
151,461,1
858,461,1
983,461,1
434,462,1
2137,462,1
1634,462,1
373,462,1
1962,462,1
947,462,1
1233,462,1
1590,462,1
1398,462,1
1438,462,1
1283,462,1
1262,462,1
84,462,1
348,462,1
1310,462,1
939,462,1
1307,462,1
1512,462,1
1416,462,1
1521,462,1
1893,462,1
310,462,1
304,462,1
1689,462,1
186,462,1
1013,462,1
746,462,1
355,462,1
1910,462,1
1241,462,1
1772,462,1
144,462,1
1342,462,1
1541,462,1
2417,462,1
593,462,1
437,462,1
1927,462,1
2223,462,1
1569,462,1
2218,462,1
1695,462,1
855,462,1
1846,462,1
1899,462,1
890,462,1
1385,462,1
1100,462,1
2270,462,1
2312,462,1
2245,462,1
231,462,1
742,462,1
1010,462,1
1581,462,1
1529,462,1
2138,462,1
551,462,1
1815,462,1
989,462,1
448,462,1
821,462,1
2147,462,1
2036,462,1
222,462,1
600,462,1
1118,462,1
1383,462,1
1661,462,1
1423,462,1
230,462,1
1377,462,1
1242,462,1
781,462,1
334,462,1
1965,462,1
579,462,1
648,462,1
240,462,1
1432,462,1
850,462,1
2096,462,1
1811,462,1
867,462,1
2307,462,1
1470,462,1
863,462,1
1049,462,1
2000,462,1
1403,462,1
12,462,1
1674,462,1
285,462,1
1080,462,1
394,462,1
1564,462,1
1318,462,1
2029,462,1
1024,462,1
608,462,1
1759,462,1
720,462,1
805,462,1
1239,462,1
1601,462,1
2273,462,1
1366,463,1
2125,463,1
507,464,1
187,465,1
340,466,1
26,466,1
621,466,1
2236,466,1
462,466,1
979,466,1
237,466,1
301,466,1
2344,466,1
2123,466,1
2091,466,1
1068,466,1
1749,466,1
173,467,1
920,467,1
2417,467,1
2221,467,1
2306,467,1
1654,467,1
1119,467,1
718,467,1
1030,468,1
841,468,1
1783,468,1
103,468,1
1960,468,1
889,468,1
630,468,1
1768,468,1
1844,468,1
1488,468,1
396,468,1
815,468,1
1881,468,1
544,468,1
365,468,1
801,468,1
435,468,1
2282,468,1
174,468,1
1791,468,1
584,468,1
2207,468,1
1169,468,1
2220,469,1
1792,469,1
137,469,1
378,469,1
1429,470,1
2058,470,1
1188,470,1
435,470,1
507,470,1
957,470,1
2284,470,1
2085,470,1
1369,470,1
2166,470,1
1977,470,1
1426,470,1
1197,470,1
629,471,1
1378,471,1
955,471,1
435,471,1
1800,471,1
2122,471,1
127,471,1
1529,471,1
2085,471,1
2036,471,1
222,471,1
2166,471,1
1981,471,1
522,471,1
1288,471,1
648,471,1
2229,471,1
863,471,1
1379,471,1
792,471,1
1411,471,1
2165,472,1
290,472,1
1290,472,1
2220,472,1
965,472,1
201,472,1
2375,472,1
437,472,1
2312,472,1
175,472,1
69,472,1
1571,473,1
268,473,1
1074,473,1
533,473,1
590,473,1
1306,473,1
728,473,1
1116,473,1
526,473,1
1272,473,1
2188,473,1
836,473,1
596,473,1
1593,473,1
1916,473,1
1229,473,1
92,473,1
549,473,1
965,473,1
88,473,1
1784,473,1
105,473,1
739,473,1
1962,473,1
824,473,1
825,473,1
1371,473,1
646,473,1
1629,473,1
2339,473,1
2059,473,1
2211,473,1
87,473,1
611,473,1
1890,473,1
1590,473,1
987,473,1
1737,473,1
1162,473,1
1398,473,1
1603,473,1
2243,473,1
2343,473,1
1714,473,1
1978,473,1
2294,473,1
2080,473,1
103,473,1
142,473,1
1211,473,1
84,473,1
775,473,1
491,473,1
1301,473,1
1469,473,1
953,473,1
794,473,1
2386,473,1
169,473,1
1795,473,1
804,473,1
1512,473,1
1168,473,1
1416,473,1
1709,473,1
1893,473,1
75,473,1
1178,473,1
852,473,1
2223,473,1
1705,473,1
1271,473,1
2355,473,1
1218,473,1
1829,473,1
1516,473,1
512,473,1
818,473,1
1689,473,1
1545,473,1
186,473,1
2284,473,1
1227,473,1
357,473,1
348,473,1
906,473,1
2363,473,1
1770,473,1
1762,473,1
1474,473,1
1694,473,1
957,473,1
994,473,1
1910,473,1
2181,473,1
922,473,1
4,473,1
364,473,1
456,473,1
1772,473,1
1134,473,1
187,473,1
844,473,1
628,473,1
785,473,1
280,473,1
890,473,1
263,473,1
1115,473,1
64,473,1
1569,473,1
563,473,1
2218,473,1
1725,473,1
1467,473,1
1224,473,1
1852,473,1
1791,473,1
1555,473,1
1062,473,1
1412,473,1
207,473,1
1313,473,1
401,473,1
1632,473,1
330,473,1
1186,473,1
203,473,1
482,473,1
891,473,1
1939,473,1
2314,473,1
460,473,1
2085,473,1
600,473,1
144,473,1
1499,473,1
1103,473,1
127,473,1
1616,473,1
485,473,1
1064,473,1
231,473,1
742,473,1
1869,473,1
1509,473,1
1173,473,1
1295,473,1
1529,473,1
2245,473,1
796,473,1
622,473,1
2147,473,1
1174,473,1
1940,473,1
1793,473,1
1021,473,1
989,473,1
1399,473,1
1488,473,1
1703,473,1
1012,473,1
2230,473,1
2402,473,1
409,473,1
2002,473,1
847,473,1
2266,473,1
865,473,1
657,473,1
760,473,1
2206,473,1
1383,473,1
1661,473,1
2280,473,1
1423,473,1
1572,473,1
973,473,1
2095,473,1
225,473,1
1505,473,1
160,473,1
805,473,1
1583,473,1
1753,473,1
319,473,1
548,473,1
2054,473,1
831,473,1
1242,473,1
2175,473,1
437,473,1
52,473,1
634,473,1
2246,473,1
2295,473,1
2027,473,1
1790,473,1
579,473,1
2145,473,1
1432,473,1
2233,473,1
2209,473,1
1208,473,1
1278,473,1
936,473,1
1662,473,1
2096,473,1
193,473,1
413,473,1
702,473,1
1908,473,1
86,473,1
1612,473,1
1403,473,1
2000,473,1
1805,473,1
12,473,1
1589,473,1
285,473,1
245,473,1
178,473,1
2400,473,1
1136,473,1
2403,473,1
731,473,1
2382,473,1
1480,473,1
2164,473,1
1024,473,1
608,473,1
1759,473,1
899,473,1
1016,473,1
1648,473,1
2302,473,1
403,473,1
1525,473,1
1515,473,1
1323,473,1
1601,473,1
2130,473,1
1693,473,1
1197,473,1
1552,473,1
1942,474,1
447,474,1
137,474,1
1308,474,1
1690,475,1
1825,475,1
2126,475,1
813,475,1
610,476,1
1988,476,1
1544,476,1
1308,476,1
1148,476,1
798,476,1
1856,476,1
1400,476,1
1128,477,1
803,477,1
1030,477,1
1791,477,1
2207,477,1
447,478,1
1707,478,1
2401,478,1
804,478,1
2377,478,1
2421,478,1
541,478,1
1617,478,1
1063,478,1
1868,478,1
1379,478,1
470,479,1
1266,479,1
1767,479,1
819,479,1
1945,479,1
823,479,1
610,480,1
1393,480,1
419,481,1
1325,481,1
2395,481,1
1658,481,1
2424,481,1
679,481,1
939,481,1
1649,481,1
1579,481,1
2070,481,1
92,482,1
774,482,1
2011,482,1
1071,482,1
667,482,1
1030,482,1
1957,482,1
155,482,1
929,482,1
714,482,1
186,482,1
324,482,1
455,482,1
120,482,1
2175,482,1
2290,482,1
1632,482,1
85,482,1
150,482,1
96,482,1
1775,482,1
1033,482,1
828,482,1
508,482,1
1844,482,1
522,482,1
1666,482,1
1288,482,1
957,482,1
365,482,1
1007,482,1
848,482,1
151,482,1
1648,482,1
2360,482,1
1491,482,1
1570,482,1
2008,482,1
2379,482,1
139,482,1
1065,482,1
271,483,1
1690,483,1
590,483,1
1178,483,1
629,484,1
1272,484,1
804,484,1
1430,484,1
1255,484,1
1420,484,1
1587,484,1
263,484,1
835,484,1
1166,484,1
127,484,1
769,484,1
2057,484,1
2085,484,1
2166,484,1
1251,484,1
1288,484,1
1954,484,1
1612,484,1
1575,484,1
457,484,1
801,484,1
1501,484,1
2389,484,1
975,484,1
792,484,1
913,484,1
1480,484,1
734,484,1
2165,485,1
920,485,1
1014,485,1
981,485,1
983,485,1
1333,485,1
1084,485,1
2175,485,1
2060,485,1
1738,485,1
1604,485,1
2361,485,1
1421,485,1
2279,485,1
118,485,1
2159,485,1
96,485,1
1732,485,1
70,485,1
1574,485,1
489,485,1
1578,485,1
792,485,1
2369,485,1
181,485,1
416,485,1
1941,485,1
2416,486,1
1923,486,1
1311,486,1
158,486,1
1985,486,1
2082,486,1
2333,486,1
364,486,1
2099,486,1
2317,486,1
1703,486,1
373,487,1
286,487,1
81,487,1
1467,487,1
2416,487,1
1707,487,1
968,487,1
984,487,1
2168,487,1
135,487,1
1322,487,1
1196,487,1
714,487,1
510,487,1
1793,487,1
1844,487,1
477,487,1
812,487,1
1767,487,1
1617,487,1
1084,487,1
1795,487,1
480,487,1
1010,487,1
509,487,1
2156,487,1
2328,487,1
710,487,1
957,487,1
642,487,1
512,487,1
2343,487,1
2262,487,1
2075,487,1
663,487,1
2196,487,1
1460,487,1
127,487,1
2375,487,1
229,487,1
977,487,1
2100,487,1
111,487,1
278,487,1
1960,487,1
2148,487,1
493,487,1
311,487,1
569,487,1
565,487,1
1900,487,1
1719,487,1
2314,487,1
2378,487,1
489,487,1
1644,487,1
1053,487,1
2123,487,1
1075,487,1
1457,487,1
1528,487,1
1886,487,1
2170,487,1
2237,487,1
1665,487,1
399,487,1
1535,487,1
1483,487,1
195,487,1
1671,487,1
1683,487,1
1704,487,1
1489,488,1
1934,488,1
741,488,1
2062,488,1
714,488,1
1706,488,1
1562,488,1
1419,488,1
894,488,1
1001,488,1
1606,488,1
465,488,1
1219,488,1
345,488,1
1766,488,1
1148,488,1
2021,488,1
1926,488,1
2293,488,1
1259,488,1
2302,488,1
2130,488,1
215,489,1
1074,489,1
1298,489,1
1101,489,1
88,489,1
1697,489,1
2300,489,1
2385,489,1
2039,489,1
726,489,1
1326,489,1
794,489,1
1919,489,1
2101,489,1
2338,489,1
2383,489,1
1587,489,1
752,489,1
357,489,1
2404,489,1
155,489,1
588,489,1
263,489,1
1354,489,1
1467,489,1
1385,489,1
839,489,1
2085,489,1
600,489,1
2245,489,1
1369,489,1
1509,489,1
2036,489,1
1012,489,1
1708,489,1
409,489,1
1661,489,1
332,489,1
634,489,1
2295,489,1
1790,489,1
2233,489,1
1644,489,1
2096,489,1
1805,489,1
12,489,1
1098,489,1
1589,489,1
754,489,1
2389,489,1
24,489,1
2400,489,1
1084,489,1
2284,489,1
1515,489,1
1071,490,1
568,490,1
629,490,1
841,490,1
1842,490,1
2378,490,1
1167,490,1
2018,490,1
1522,490,1
1545,490,1
283,490,1
1871,490,1
1087,490,1
699,490,1
2189,490,1
889,490,1
1492,490,1
1253,490,1
1624,490,1
1491,490,1
801,490,1
143,490,1
344,490,1
455,491,1
2261,491,1
2236,491,1
85,491,1
1421,491,1
214,491,1
1764,492,1
957,492,1
533,492,1
253,492,1
1421,492,1
1322,492,1
1009,492,1
1211,492,1
959,492,1
2210,492,1
101,492,1
1084,492,1
454,492,1
2355,492,1
243,492,1
1075,492,1
2248,493,1
610,493,1
1988,493,1
920,493,1
739,494,1
707,494,1
1800,494,1
1572,494,1
1657,494,1
1579,494,1
1191,494,1
445,494,1
257,494,1
2285,495,1
1421,495,1
2239,495,1
1817,495,1
449,495,1
227,496,1
376,496,1
694,496,1
1587,496,1
346,497,1
794,497,1
2057,497,1
1555,497,1
1754,497,1
258,497,1
2033,497,1
848,497,1
1332,497,1
629,498,1
677,498,1
1061,498,1
370,498,1
1538,498,1
1326,498,1
1341,498,1
1545,498,1
982,498,1
2212,498,1
2166,498,1
1961,498,1
2085,498,1
1844,498,1
1739,498,1
2000,498,1
1257,498,1
547,498,1
174,498,1
851,498,1
607,498,1
1911,498,1
300,498,1
149,498,1
234,499,1
436,499,1
2410,499,1
157,499,1
1015,500,1
2249,500,1
292,500,1
1387,500,1
2220,500,1
1794,500,1
603,500,1
1484,500,1
2196,500,1
1084,500,1
2304,500,1
1791,500,1
68,500,1
2334,500,1
263,500,1
1874,500,1
1459,500,1
2269,500,1
1214,500,1
1961,500,1
1426,500,1
2258,500,1
1647,500,1
8,500,1
184,500,1
559,501,1
1296,501,1
1844,501,1
2075,501,1
119,501,1
253,501,1
1030,502,1
1866,502,1
81,502,1
1532,502,1
2011,503,1
592,503,1
179,503,1
1226,503,1
2334,503,1
1783,503,1
1074,503,1
1349,503,1
2386,503,1
1462,503,1
94,503,1
965,503,1
1135,503,1
501,503,1
1999,503,1
1788,504,1
2421,504,1
1837,504,1
1792,504,1
137,504,1
2368,504,1
1308,504,1
1775,504,1
920,505,1
284,505,1
625,505,1
1786,505,1
2101,505,1
2391,505,1
83,505,1
1783,505,1
357,505,1
2231,505,1
1677,505,1
1467,505,1
1784,505,1
600,505,1
59,505,1
1732,505,1
895,505,1
2299,505,1
681,505,1
2409,505,1
2284,505,1
2091,505,1
547,505,1
1749,505,1
733,505,1
914,505,1
1311,506,1
1853,506,1
2182,506,1
729,506,1
614,506,1
1082,506,1
2094,506,1
812,506,1
1142,506,1
565,506,1
794,506,1
1919,506,1
1037,506,1
2034,506,1
2377,506,1
480,506,1
1402,506,1
740,506,1
1126,506,1
1872,506,1
710,506,1
1902,506,1
940,506,1
1084,506,1
127,506,1
1081,506,1
732,506,1
1397,506,1
1049,506,1
1421,506,1
2076,506,1
278,506,1
1134,506,1
2354,506,1
598,506,1
704,506,1
2075,506,1
2382,506,1
547,506,1
2323,506,1
160,506,1
1644,506,1
2388,506,1
1001,506,1
1589,506,1
1288,506,1
714,506,1
1457,506,1
266,506,1
1721,506,1
2250,506,1
1886,506,1
1095,506,1
885,506,1
2346,506,1
1228,506,1
692,506,1
2299,506,1
2152,506,1
195,506,1
33,506,1
930,506,1
1570,506,1
1796,506,1
914,506,1
2337,506,1
1704,506,1
1161,507,1
2040,507,1
2427,507,1
1812,507,1
635,507,1
175,507,1
1498,507,1
2282,507,1
822,507,1
1515,508,1
1658,508,1
186,508,1
1894,508,1
1835,508,1
1053,508,1
523,508,1
1952,508,1
184,508,1
226,509,1
2410,509,1
2412,509,1
2196,509,1
1695,509,1
600,509,1
454,510,1
1634,510,1
2296,510,1
770,510,1
1933,510,1
521,510,1
324,510,1
1909,510,1
1415,510,1
2125,510,1
1786,510,1
2372,510,1
1805,510,1
735,510,1
1844,510,1
1984,510,1
1264,510,1
522,510,1
1867,510,1
1880,510,1
2105,510,1
1860,510,1
432,510,1
1331,510,1
1332,511,1
81,512,1
357,512,1
1863,513,1
2137,514,1
234,514,1
1463,514,1
1030,514,1
752,514,1
1421,515,1
1731,515,1
37,515,1
1902,515,1
1844,515,1
1720,515,1
9,515,1
917,516,1
324,516,1
1335,516,1
2304,516,1
1896,516,1
2020,516,1
294,516,1
957,517,1
1844,517,1
1312,517,1
138,517,1
1071,518,1
1255,518,1
801,518,1
1844,518,1
66,519,1
995,519,1
981,519,1
135,519,1
2322,519,1
2062,519,1
2060,519,1
1800,519,1
2369,519,1
2377,519,1
494,519,1
96,519,1
258,519,1
2159,519,1
2148,519,1
2382,519,1
15,519,1
1249,519,1
252,519,1
1881,519,1
1826,519,1
1114,519,1
1265,519,1
2426,519,1
1223,520,1
2011,520,1
1334,520,1
1321,520,1
819,520,1
794,520,1
1786,520,1
1762,520,1
437,520,1
1053,520,1
1844,520,1
2161,520,1
1114,520,1
184,520,1
1785,521,1
533,521,1
1146,521,1
415,521,1
1828,521,1
1983,521,1
30,521,1
407,521,1
2137,521,1
477,521,1
755,521,1
1712,521,1
43,521,1
1784,521,1
1893,521,1
1769,521,1
1777,521,1
1829,521,1
1471,521,1
2081,521,1
48,521,1
1590,521,1
1267,521,1
1333,521,1
2062,521,1
818,521,1
920,521,1
1795,521,1
1211,521,1
1248,521,1
35,521,1
275,521,1
1384,521,1
812,521,1
1767,521,1
1580,521,1
794,521,1
1102,521,1
2261,521,1
2058,521,1
2022,521,1
906,521,1
2383,521,1
1236,521,1
541,521,1
1091,521,1
1287,521,1
1421,521,1
1196,521,1
1342,521,1
813,521,1
593,521,1
427,521,1
1677,521,1
1059,521,1
788,521,1
1044,521,1
2361,521,1
1076,521,1
1718,521,1
1207,521,1
903,521,1
1068,521,1
2279,521,1
1914,521,1
978,521,1
1636,521,1
1861,521,1
811,521,1
388,521,1
111,521,1
1424,521,1
2100,521,1
301,521,1
1084,521,1
1706,521,1
2373,521,1
1418,521,1
2075,521,1
120,521,1
1481,521,1
1847,521,1
1653,521,1
2249,521,1
2090,521,1
2175,521,1
802,521,1
554,521,1
345,521,1
1361,521,1
1001,521,1
1355,521,1
1045,521,1
100,521,1
1060,521,1
1725,521,1
727,521,1
2282,521,1
1095,521,1
1319,521,1
1010,521,1
1648,521,1
914,521,1
2426,521,1
1683,521,1
892,522,1
127,522,1
1558,522,1
1506,522,1
2354,522,1
1001,522,1
1010,522,1
1631,522,1
2337,522,1
965,523,1
201,523,1
2159,523,1
1090,523,1
175,523,1
69,523,1
92,524,1
81,524,1
196,524,1
1822,524,1
540,524,1
939,524,1
1755,524,1
420,524,1
2091,524,1
536,524,1
878,524,1
2011,525,1
843,525,1
26,525,1
819,525,1
659,525,1
1084,525,1
372,525,1
2284,525,1
1261,526,1
1425,526,1
1069,526,1
2162,526,1
2289,526,1
2042,526,1
642,526,1
435,526,1
437,526,1
519,526,1
707,527,1
2093,527,1
920,527,1
374,527,1
2082,527,1
1181,527,1
192,527,1
1421,527,1
2390,527,1
2236,527,1
242,527,1
1672,527,1
1165,527,1
1,527,1
127,527,1
540,527,1
483,527,1
1502,527,1
850,527,1
2184,527,1
1074,527,1
2284,527,1
276,528,1
540,528,1
1291,528,1
92,529,1
1069,529,1
2328,529,1
1541,529,1
1927,529,1
1051,529,1
448,529,1
1288,529,1
437,529,1
920,529,1
1544,529,1
1867,529,1
985,529,1
801,529,1
157,529,1
975,529,1
792,529,1
774,530,1
1015,530,1
415,530,1
1319,530,1
509,530,1
2182,530,1
2168,530,1
2062,530,1
729,530,1
884,530,1
1211,530,1
2118,530,1
1142,530,1
924,530,1
565,530,1
1692,530,1
794,530,1
2150,530,1
929,530,1
1919,530,1
2327,530,1
1795,530,1
480,530,1
1847,530,1
1512,530,1
2343,530,1
710,530,1
714,530,1
2239,530,1
1767,530,1
1287,530,1
1727,530,1
1784,530,1
1725,530,1
2249,530,1
1391,530,1
1685,530,1
2235,530,1
1960,530,1
1855,530,1
2378,530,1
67,530,1
2382,530,1
1094,530,1
523,530,1
1652,530,1
1001,530,1
1320,530,1
1483,530,1
1075,530,1
1925,530,1
2087,530,1
2184,530,1
675,530,1
2208,530,1
538,530,1
1827,530,1
1511,531,1
1726,531,1
1216,531,1
2253,531,1
1643,531,1
227,531,1
439,531,1
6,532,1
977,532,1
1511,532,1
2113,532,1
2160,532,1
2417,532,1
2151,532,1
1493,532,1
1892,532,1
491,532,1
101,532,1
2231,532,1
301,532,1
1472,532,1
2324,532,1
1300,532,1
839,532,1
1154,532,1
1820,532,1
1716,532,1
2111,532,1
957,532,1
1960,532,1
2036,532,1
1242,532,1
951,532,1
2163,532,1
2178,532,1
252,532,1
1028,532,1
1265,532,1
2253,532,1
1492,532,1
961,532,1
1953,532,1
239,532,1
135,533,1
892,533,1
2369,533,1
1604,533,1
341,533,1
1441,533,1
2159,533,1
1446,533,1
792,533,1
252,533,1
1380,534,1
235,534,1
1587,534,1
670,534,1
817,534,1
1084,534,1
1469,534,1
207,534,1
1844,534,1
1498,534,1
432,534,1
2165,535,1
290,535,1
729,535,1
227,535,1
495,535,1
1290,535,1
129,535,1
2261,535,1
965,535,1
630,535,1
201,535,1
1084,535,1
2218,535,1
2159,535,1
586,535,1
2376,535,1
2145,535,1
69,535,1
1590,536,1
1676,536,1
2250,536,1
1724,536,1
2075,537,1
415,537,1
882,537,1
793,537,1
286,537,1
1116,537,1
387,537,1
1467,537,1
866,537,1
984,537,1
843,537,1
1444,537,1
2168,537,1
526,537,1
475,537,1
1948,537,1
729,537,1
884,537,1
1211,537,1
498,537,1
2066,537,1
812,537,1
2199,537,1
1135,537,1
1580,537,1
794,537,1
929,537,1
2058,537,1
425,537,1
808,537,1
2056,537,1
1854,537,1
1919,537,1
1795,537,1
2101,537,1
902,537,1
2377,537,1
1784,537,1
1512,537,1
740,537,1
1847,537,1
462,537,1
1872,537,1
1236,537,1
1053,537,1
642,537,1
2328,537,1
957,537,1
108,537,1
915,537,1
270,537,1
958,537,1
593,537,1
1902,537,1
1084,537,1
1747,537,1
1871,537,1
1534,537,1
1319,537,1
219,537,1
1582,537,1
1460,537,1
1898,537,1
659,537,1
101,537,1
127,537,1
2371,537,1
343,537,1
657,537,1
1767,537,1
237,537,1
741,537,1
1081,537,1
363,537,1
1397,537,1
1421,537,1
111,537,1
2076,537,1
2249,537,1
229,537,1
1001,537,1
569,537,1
2218,537,1
70,537,1
1961,537,1
493,537,1
2212,537,1
1716,537,1
1365,537,1
1485,537,1
1027,537,1
1049,537,1
2094,537,1
311,537,1
1506,537,1
1900,537,1
2166,537,1
655,537,1
2239,537,1
2266,537,1
508,537,1
1960,537,1
1481,537,1
399,537,1
815,537,1
1383,537,1
880,537,1
2175,537,1
1493,537,1
1725,537,1
1288,537,1
16,537,1
840,537,1
732,537,1
345,537,1
1667,537,1
1644,537,1
15,537,1
2382,537,1
2230,537,1
2388,537,1
1094,537,1
2074,537,1
2163,537,1
2145,537,1
1210,537,1
1760,537,1
551,537,1
1687,537,1
714,537,1
827,537,1
692,537,1
98,537,1
1075,537,1
1803,537,1
1219,537,1
1320,537,1
382,537,1
2250,537,1
1886,537,1
2253,537,1
1935,537,1
1648,537,1
565,537,1
517,537,1
1010,537,1
2087,537,1
1884,537,1
693,537,1
1796,537,1
629,538,1
512,538,1
2418,538,1
1387,538,1
84,538,1
319,538,1
621,538,1
752,538,1
357,538,1
507,538,1
710,538,1
1431,538,1
1354,538,1
2085,538,1
1587,538,1
921,538,1
2036,538,1
1424,538,1
1790,538,1
2100,539,1
1844,540,1
1261,541,1
932,541,1
26,541,1
752,541,1
785,541,1
1927,541,1
1632,541,1
2085,541,1
476,541,1
1288,541,1
435,541,1
1701,541,1
187,542,1
1984,542,1
2000,542,1
1463,543,1
1515,543,1
1524,543,1
1771,543,1
2288,543,1
2227,543,1
303,543,1
65,543,1
2162,543,1
1268,543,1
2408,543,1
1786,543,1
1483,543,1
540,543,1
1396,543,1
1725,543,1
723,543,1
1891,543,1
1867,543,1
863,543,1
1625,543,1
153,543,1
2189,543,1
1053,543,1
2249,543,1
838,543,1
1971,543,1
1538,543,1
629,544,1
2393,544,1
454,544,1
370,544,1
870,544,1
377,544,1
1416,544,1
1545,544,1
2185,544,1
146,544,1
1279,544,1
1636,544,1
1617,544,1
1421,544,1
1985,544,1
1787,544,1
2212,544,1
2166,544,1
79,544,1
268,544,1
2000,544,1
579,544,1
2085,544,1
1257,544,1
547,544,1
1625,544,1
851,544,1
2077,544,1
1395,544,1
1405,544,1
1911,544,1
754,544,1
675,544,1
1209,544,1
1780,545,1
92,545,1
2220,545,1
1346,545,1
1956,545,1
2220,546,1
127,546,1
65,546,1
2227,546,1
2058,546,1
1305,546,1
1412,546,1
1156,546,1
347,546,1
201,546,1
787,546,1
105,546,1
1862,546,1
1494,546,1
1911,546,1
2033,546,1
1625,546,1
445,546,1
1787,546,1
848,546,1
2107,546,1
65,547,1
1524,547,1
2040,547,1
1071,548,1
1445,548,1
841,548,1
1844,548,1
2377,548,1
1960,548,1
94,548,1
1218,548,1
1420,548,1
1337,548,1
785,548,1
1961,548,1
435,548,1
20,548,1
761,548,1
1524,549,1
1786,549,1
1061,549,1
2040,549,1
1053,549,1
2085,549,1
1844,549,1
1643,549,1
2015,549,1
2175,549,1
1440,549,1
1483,549,1
882,550,1
1923,550,1
158,550,1
1825,550,1
364,550,1
2035,550,1
1409,550,1
1266,550,1
707,550,1
1154,550,1
239,550,1
1197,550,1
1764,551,1
1590,551,1
518,551,1
447,552,1
917,552,1
590,552,1
1112,552,1
37,552,1
324,552,1
377,552,1
2365,552,1
785,552,1
1335,552,1
2304,552,1
1985,552,1
1896,552,1
540,552,1
813,553,1
81,554,1
1879,554,1
1668,554,1
283,554,1
1190,554,1
1158,555,1
1771,555,1
630,555,1
490,555,1
1920,555,1
932,556,1
346,556,1
804,556,1
1236,556,1
1725,556,1
813,556,1
1366,556,1
105,556,1
435,556,1
2036,557,1
696,557,1
1074,557,1
1695,557,1
436,557,1
610,557,1
629,558,1
1523,558,1
1061,558,1
1285,558,1
1471,558,1
1341,558,1
2185,558,1
201,558,1
1985,558,1
1483,558,1
1787,558,1
1473,558,1
366,558,1
2142,558,1
2000,558,1
300,558,1
851,558,1
2107,558,1
340,559,1
477,559,1
407,559,1
2083,559,1
1573,559,1
1511,559,1
1797,559,1
26,559,1
1893,559,1
741,559,1
892,559,1
1795,559,1
669,559,1
455,559,1
2139,559,1
35,559,1
929,559,1
783,559,1
621,559,1
1825,559,1
142,559,1
38,559,1
108,559,1
1303,559,1
212,559,1
1830,559,1
1622,559,1
1689,559,1
1784,559,1
2131,559,1
1982,559,1
237,559,1
1421,559,1
1392,559,1
301,559,1
2002,559,1
1422,559,1
1493,559,1
2222,559,1
252,559,1
2123,559,1
2194,559,1
2092,559,1
1320,559,1
314,559,1
1068,559,1
1700,559,1
126,559,1
390,559,1
1197,559,1
1818,559,1
419,560,1
478,560,1
283,560,1
341,560,1
2292,560,1
1386,560,1
303,561,1
695,561,1
1684,561,1
2306,561,1
127,561,1
2153,561,1
490,561,1
31,561,1
1583,561,1
1637,561,1
1789,561,1
920,562,1
1863,562,1
1161,563,1
1116,563,1
1061,564,1
370,564,1
1951,564,1
630,564,1
2085,564,1
1501,564,1
2077,564,1
1489,565,1
1675,565,1
2064,565,1
1305,565,1
957,565,1
227,565,1
203,565,1
427,565,1
679,565,1
2166,565,1
959,565,1
2323,565,1
340,565,1
1727,565,1
1191,565,1
1286,565,1
445,565,1
1296,566,1
929,566,1
2220,566,1
1237,566,1
1294,566,1
2375,566,1
1894,566,1
2312,566,1
939,566,1
2000,566,1
1674,566,1
133,567,1
1680,567,1
796,567,1
696,567,1
352,567,1
521,567,1
1325,567,1
2376,567,1
1293,567,1
667,567,1
2248,567,1
2217,567,1
512,567,1
1372,567,1
1438,567,1
582,567,1
1516,567,1
2035,567,1
377,567,1
1351,567,1
25,567,1
2232,567,1
2418,567,1
1112,567,1
1105,567,1
947,567,1
1786,567,1
1564,567,1
1677,567,1
1171,567,1
2423,567,1
219,567,1
2230,567,1
709,567,1
1639,567,1
819,567,1
1607,567,1
453,567,1
395,567,1
600,567,1
1928,567,1
127,567,1
1632,567,1
704,567,1
1844,567,1
2120,567,1
1344,567,1
1439,567,1
2171,567,1
944,567,1
1379,567,1
1550,567,1
151,567,1
372,567,1
633,567,1
340,567,1
2065,567,1
1176,567,1
693,567,1
1114,567,1
286,568,1
1611,568,1
415,568,1
751,568,1
97,568,1
81,568,1
2168,568,1
729,568,1
477,568,1
1421,568,1
1603,568,1
1211,568,1
2199,568,1
2118,568,1
400,568,1
1142,568,1
924,568,1
565,568,1
1585,568,1
84,568,1
2058,568,1
1532,568,1
1493,568,1
794,568,1
929,568,1
425,568,1
856,568,1
2024,568,1
1150,568,1
2056,568,1
2327,568,1
2272,568,1
1278,568,1
1795,568,1
1250,568,1
930,568,1
902,568,1
2377,568,1
480,568,1
1126,568,1
2309,568,1
740,568,1
2055,568,1
2343,568,1
548,568,1
1854,568,1
34,568,1
1872,568,1
710,568,1
2252,568,1
2328,568,1
1053,568,1
1472,568,1
698,568,1
2324,568,1
593,568,1
1787,568,1
1467,568,1
1582,568,1
430,568,1
665,568,1
1460,568,1
1898,568,1
2193,568,1
659,568,1
127,568,1
505,568,1
1784,568,1
343,568,1
1968,568,1
657,568,1
1608,568,1
237,568,1
1935,568,1
741,568,1
2226,568,1
162,568,1
1867,568,1
1247,568,1
1563,568,1
150,568,1
1541,568,1
2198,568,1
229,568,1
2018,568,1
658,568,1
1767,568,1
714,568,1
70,568,1
1844,568,1
915,568,1
2075,568,1
2148,568,1
1485,568,1
2094,568,1
2150,568,1
569,568,1
2239,568,1
2266,568,1
2166,568,1
598,568,1
1646,568,1
1481,568,1
256,568,1
880,568,1
1252,568,1
524,568,1
2323,568,1
244,568,1
815,568,1
1506,568,1
732,568,1
1001,568,1
1644,568,1
1094,568,1
2145,568,1
1760,568,1
1288,568,1
523,568,1
594,568,1
1457,568,1
544,568,1
98,568,1
278,568,1
1803,568,1
382,568,1
266,568,1
1219,568,1
1721,568,1
245,568,1
1886,568,1
1320,568,1
2184,568,1
608,568,1
2087,568,1
33,568,1
1074,568,1
858,568,1
2379,568,1
1234,568,1
1895,568,1
1071,569,1
496,569,1
1058,569,1
785,569,1
2304,569,1
1985,569,1
1896,569,1
2085,569,1
2020,569,1
547,569,1
294,569,1
1291,569,1
1264,569,1
724,569,1
2025,570,1
2009,570,1
1166,570,1
1810,570,1
1303,570,1
142,570,1
2287,570,1
1949,570,1
2132,570,1
1105,570,1
1725,570,1
1974,570,1
2341,570,1
1157,570,1
1784,570,1
237,570,1
554,570,1
840,570,1
850,570,1
291,570,1
2170,570,1
2010,570,1
2091,570,1
130,570,1
2172,570,1
1197,570,1
1071,571,1
611,571,1
775,571,1
714,571,1
1281,571,1
2058,571,1
1377,571,1
1545,571,1
540,571,1
1960,571,1
810,571,1
719,571,1
2282,571,1
2077,571,1
565,571,1
1065,571,1
127,572,1
201,572,1
1127,572,1
1305,572,1
1379,572,1
1583,572,1
37,573,1
917,573,1
1985,573,1
2321,573,1
434,573,1
496,573,1
65,573,1
1412,573,1
1335,573,1
785,573,1
2231,573,1
920,574,1
1037,574,1
977,574,1
10,574,1
625,574,1
667,574,1
1923,574,1
654,574,1
521,574,1
1598,574,1
1588,574,1
1838,574,1
324,574,1
168,574,1
103,574,1
1003,574,1
1653,574,1
2196,574,1
83,574,1
64,574,1
1373,574,1
47,574,1
1062,574,1
2223,574,1
127,574,1
776,574,1
2166,574,1
2085,574,1
107,574,1
1149,574,1
508,574,1
1985,574,1
2175,574,1
1502,574,1
1657,574,1
2278,574,1
1074,574,1
1377,574,1
1867,574,1
1395,574,1
272,574,1
1011,574,1
265,574,1
1655,574,1
1067,574,1
2067,574,1
1911,574,1
403,574,1
1065,574,1
1296,575,1
187,576,1
1233,577,1
324,577,1
810,577,1
1377,577,1
1021,577,1
1844,577,1
1836,578,1
677,579,1
1985,579,1
1786,579,1
2020,579,1
2085,579,1
1335,579,1
294,579,1
1264,579,1
848,579,1
2220,580,1
1359,580,1
88,580,1
2377,580,1
2369,580,1
2355,580,1
341,580,1
1084,580,1
2361,580,1
1279,580,1
343,580,1
1963,580,1
1103,580,1
2159,580,1
171,580,1
1876,580,1
1892,580,1
1403,580,1
2190,580,1
2415,580,1
1574,580,1
252,580,1
2205,580,1
792,580,1
1350,580,1
830,581,1
409,581,1
937,581,1
1853,581,1
1312,581,1
267,581,1
357,581,1
2175,581,1
758,581,1
1960,581,1
554,581,1
1587,581,1
578,581,1
461,581,1
1648,581,1
845,581,1
1400,581,1
2220,582,1
1731,582,1
1844,582,1
2011,583,1
527,583,1
1609,583,1
841,583,1
1909,583,1
796,583,1
800,583,1
1377,583,1
1128,583,1
263,583,1
448,583,1
1787,583,1
540,583,1
1030,584,1
2217,584,1
810,584,1
1377,584,1
1128,584,1
1844,584,1
173,585,1
1829,585,1
2221,585,1
194,585,1
429,585,1
1006,585,1
1237,585,1
630,585,1
303,586,1
567,586,1
429,586,1
695,586,1
1006,586,1
1653,586,1
1654,586,1
932,586,1
2100,586,1
1319,587,1
2220,587,1
415,587,1
2211,587,1
407,587,1
1116,587,1
1467,587,1
1609,587,1
843,587,1
2168,587,1
1260,587,1
510,587,1
2294,587,1
2249,587,1
565,587,1
1692,587,1
1919,587,1
1795,587,1
11,587,1
1053,587,1
2289,587,1
797,587,1
627,587,1
1213,587,1
1044,587,1
1534,587,1
1582,587,1
2170,587,1
1460,587,1
207,587,1
2230,587,1
237,587,1
1421,587,1
363,587,1
1867,587,1
1081,587,1
382,587,1
1506,587,1
1719,587,1
655,587,1
2239,587,1
939,587,1
1960,587,1
1247,587,1
957,587,1
2323,587,1
283,587,1
1644,587,1
106,587,1
1589,587,1
551,587,1
1288,587,1
1054,587,1
214,587,1
1847,587,1
500,587,1
1220,587,1
840,587,1
1773,587,1
2353,587,1
1184,587,1
1721,587,1
266,587,1
1947,587,1
2184,587,1
1886,587,1
2152,587,1
195,587,1
1480,587,1
174,587,1
2005,587,1
419,588,1
2162,588,1
920,588,1
293,588,1
567,588,1
1171,588,1
818,588,1
2134,588,1
966,588,1
1484,588,1
760,588,1
1846,588,1
2409,588,1
1190,588,1
754,588,1
184,588,1
92,589,1
533,589,1
568,589,1
456,589,1
81,589,1
1593,589,1
94,589,1
824,589,1
135,589,1
1398,589,1
1245,589,1
2310,589,1
1378,589,1
1474,589,1
1387,589,1
1851,589,1
1961,589,1
775,589,1
1310,589,1
953,589,1
939,589,1
1795,589,1
412,589,1
1512,589,1
804,589,1
852,589,1
1587,589,1
2294,589,1
491,589,1
1487,589,1
1689,589,1
155,589,1
1241,589,1
1290,589,1
141,589,1
2007,589,1
619,589,1
2085,589,1
2245,589,1
1610,589,1
742,589,1
1515,589,1
2230,589,1
1648,589,1
1344,589,1
225,589,1
805,589,1
2054,589,1
1612,589,1
1731,590,1
1092,590,1
819,590,1
9,590,1
1971,590,1
1084,590,1
823,590,1
1767,590,1
1379,590,1
372,590,1
1507,590,1
1796,590,1
1547,591,1
1298,591,1
1413,591,1
1071,591,1
2011,591,1
841,591,1
6,591,1
959,591,1
651,591,1
1545,591,1
2378,591,1
1281,591,1
103,591,1
1960,591,1
920,591,1
785,591,1
4,591,1
1871,591,1
1005,591,1
1447,591,1
2018,591,1
714,591,1
227,591,1
1253,591,1
810,591,1
889,591,1
1977,591,1
2382,591,1
544,591,1
435,591,1
533,592,1
1611,592,1
415,592,1
407,592,1
1082,592,1
477,592,1
1795,592,1
303,592,1
1287,592,1
2359,592,1
813,592,1
2230,592,1
1725,592,1
2249,592,1
1636,592,1
1093,592,1
1397,592,1
1716,592,1
714,592,1
1874,592,1
57,592,1
2382,592,1
1379,592,1
2005,592,1
689,592,1
1249,592,1
1935,592,1
1265,592,1
1228,592,1
2184,592,1
2379,592,1
1111,593,1
1270,593,1
477,593,1
158,593,1
1931,593,1
1795,593,1
1500,593,1
2239,593,1
600,593,1
1200,593,1
1755,593,1
448,593,1
2344,593,1
2209,593,1
1664,593,1
418,593,1
961,593,1
944,593,1
1952,593,1
257,593,1
737,593,1
1816,594,1
1828,594,1
751,594,1
2261,594,1
2058,594,1
1512,594,1
1580,594,1
901,594,1
2236,594,1
1772,594,1
226,594,1
16,594,1
2175,594,1
715,594,1
2314,594,1
2100,594,1
835,594,1
1751,594,1
214,594,1
1867,594,1
175,594,1
447,594,1
536,594,1
1865,594,1
914,594,1
1082,595,1
1084,595,1
1171,596,1
1786,596,1
2343,596,1
736,596,1
1771,596,1
127,596,1
65,596,1
763,596,1
2227,596,1
1156,596,1
1541,596,1
589,596,1
1052,596,1
76,596,1
675,596,1
951,596,1
1911,596,1
1625,596,1
445,596,1
1041,596,1
1971,596,1
1071,597,1
945,597,1
841,597,1
908,597,1
1960,597,1
2057,597,1
1434,597,1
1666,597,1
1139,597,1
810,597,1
2282,597,1
544,597,1
2183,597,1
1253,597,1
2345,597,1
365,597,1
227,598,1
2040,598,1
494,599,1
2100,599,1
1304,600,1
1037,600,1
268,600,1
926,600,1
1311,600,1
728,600,1
2137,600,1
447,600,1
2158,600,1
1786,600,1
2211,600,1
2363,600,1
1164,600,1
273,600,1
2385,600,1
611,600,1
87,600,1
1586,600,1
1414,600,1
987,600,1
389,600,1
2343,600,1
1844,600,1
2160,600,1
1018,600,1
1376,600,1
84,600,1
4,600,1
939,600,1
1919,600,1
1709,600,1
1893,600,1
75,600,1
310,600,1
512,600,1
808,600,1
1689,600,1
357,600,1
352,600,1
1075,600,1
994,600,1
155,600,1
1534,600,1
957,600,1
2359,600,1
263,600,1
249,600,1
1723,600,1
642,600,1
1300,600,1
2007,600,1
85,600,1
719,600,1
1064,600,1
1894,600,1
1377,600,1
448,600,1
622,600,1
1215,600,1
1383,600,1
664,600,1
1708,600,1
225,600,1
1661,600,1
971,600,1
1578,600,1
1486,600,1
332,600,1
457,600,1
1648,600,1
1039,600,1
244,600,1
649,600,1
2164,600,1
662,600,1
1515,600,1
2016,601,1
469,601,1
1242,601,1
2167,601,1
774,602,1
1785,602,1
21,602,1
1116,602,1
1983,602,1
1554,602,1
1824,602,1
1362,602,1
2342,602,1
30,602,1
196,602,1
286,602,1
281,602,1
192,602,1
1327,602,1
2255,602,1
2320,602,1
434,602,1
1511,602,1
2168,602,1
999,602,1
728,602,1
1777,602,1
135,602,1
2113,602,1
186,602,1
729,602,1
1893,602,1
1334,602,1
1620,602,1
1590,602,1
2062,602,1
1873,602,1
1333,602,1
1438,602,1
2160,602,1
892,602,1
1211,602,1
2066,602,1
1384,602,1
812,602,1
1229,602,1
1172,602,1
99,602,1
1072,602,1
1617,602,1
1822,602,1
738,602,1
2118,602,1
1086,602,1
400,602,1
2374,602,1
924,602,1
1361,602,1
565,602,1
1585,602,1
1580,602,1
217,602,1
621,602,1
794,602,1
929,602,1
425,602,1
2261,602,1
856,602,1
1955,602,1
1376,602,1
2327,602,1
2022,602,1
1795,602,1
1250,602,1
2386,602,1
2034,602,1
2377,602,1
1784,602,1
1516,602,1
2240,602,1
1978,602,1
2079,602,1
1918,602,1
462,602,1
1142,602,1
2343,602,1
2355,602,1
1872,602,1
2155,602,1
1512,602,1
2252,602,1
642,602,1
456,602,1
541,602,1
1091,602,1
2053,602,1
1453,602,1
906,602,1
1689,602,1
1455,602,1
698,602,1
1287,602,1
1199,602,1
64,602,1
957,602,1
2262,602,1
1289,602,1
187,602,1
55,602,1
1342,602,1
593,602,1
327,602,1
1833,602,1
2247,602,1
797,602,1
1340,602,1
1164,602,1
1663,602,1
310,602,1
1718,602,1
430,602,1
1188,602,1
1807,602,1
1460,602,1
532,602,1
1898,602,1
2085,602,1
659,602,1
476,602,1
1695,602,1
101,602,1
144,602,1
735,602,1
127,602,1
477,602,1
1324,602,1
1022,602,1
2131,602,1
287,602,1
785,602,1
1982,602,1
237,602,1
230,602,1
1658,602,1
316,602,1
1282,602,1
741,602,1
1802,602,1
1976,602,1
85,602,1
1081,602,1
487,602,1
1632,602,1
197,602,1
388,602,1
111,602,1
920,602,1
229,602,1
2100,602,1
600,602,1
1019,602,1
1532,602,1
1392,602,1
864,602,1
206,602,1
2294,602,1
2218,602,1
301,602,1
318,602,1
1851,602,1
2028,602,1
1716,602,1
2212,602,1
488,602,1
1421,602,1
1751,602,1
2297,602,1
835,602,1
1077,602,1
569,602,1
1563,602,1
1900,602,1
573,602,1
828,602,1
2166,602,1
340,602,1
1719,602,1
2239,602,1
508,602,1
1874,602,1
1960,602,1
2378,602,1
1042,602,1
1847,602,1
448,602,1
1482,602,1
1755,602,1
1657,602,1
1383,602,1
903,602,1
256,602,1
1506,602,1
895,602,1
136,602,1
2175,602,1
1278,602,1
1247,602,1
543,602,1
1277,602,1
524,602,1
2323,602,1
802,602,1
772,602,1
1542,602,1
757,602,1
2344,602,1
406,602,1
974,602,1
909,602,1
1045,602,1
383,602,1
703,602,1
1355,602,1
345,602,1
636,602,1
1257,602,1
1644,602,1
1715,602,1
15,602,1
2382,602,1
2209,602,1
713,602,1
1536,602,1
1733,602,1
2000,602,1
1589,602,1
2163,602,1
1215,602,1
1078,602,1
1448,602,1
259,602,1
1198,602,1
1671,602,1
1652,602,1
432,602,1
1096,602,1
248,602,1
67,602,1
130,602,1
214,602,1
827,602,1
2350,602,1
2096,602,1
1457,602,1
1917,602,1
544,602,1
98,602,1
554,602,1
2161,602,1
725,602,1
2091,602,1
1803,602,1
2280,602,1
1687,602,1
1347,602,1
851,602,1
612,602,1
382,602,1
1219,602,1
2092,602,1
964,602,1
175,602,1
1935,602,1
245,602,1
1886,602,1
1060,602,1
727,602,1
1143,602,1
2250,602,1
1773,602,1
474,602,1
918,602,1
2302,602,1
499,602,1
1184,602,1
1010,602,1
1114,602,1
489,602,1
1068,602,1
497,602,1
336,602,1
2406,602,1
126,602,1
805,602,1
1055,602,1
1209,602,1
693,602,1
1818,602,1
1515,602,1
542,602,1
36,602,1
1254,602,1
1895,602,1
1844,603,1
1923,603,1
1602,603,1
1698,603,1
1545,603,1
1569,603,1
464,603,1
127,603,1
1139,603,1
20,603,1
1846,603,1
2105,603,1
1321,604,1
2219,604,1
630,604,1
1275,604,1
720,604,1
1319,605,1
1084,605,1
836,605,1
301,605,1
1919,605,1
1497,605,1
920,605,1
1053,605,1
2075,605,1
363,605,1
57,605,1
1947,605,1
1228,605,1
2011,606,1
841,606,1
2217,606,1
283,606,1
1531,607,1
1086,607,1
1879,607,1
1071,608,1
30,608,1
841,608,1
611,608,1
1167,608,1
1281,608,1
2058,608,1
2243,608,1
906,608,1
785,608,1
540,608,1
1461,608,1
1377,608,1
719,608,1
2282,608,1
272,608,1
810,608,1
650,608,1
290,609,1
227,609,1
965,609,1
201,609,1
2375,609,1
437,609,1
2159,609,1
1090,609,1
2171,609,1
69,609,1
1131,610,1
1315,610,1
1767,610,1
2100,610,1
967,610,1
956,610,1
2349,611,1
2187,611,1
2236,611,1
1512,611,1
1764,611,1
993,611,1
531,612,1
629,612,1
2393,612,1
1061,612,1
370,612,1
1326,612,1
1388,612,1
1341,612,1
1598,612,1
2085,612,1
448,612,1
2212,612,1
1787,612,1
201,613,1
1844,613,1
629,614,1
2011,614,1
1523,614,1
677,614,1
1326,614,1
1388,614,1
1341,614,1
1787,614,1
1844,614,1
79,614,1
2142,614,1
300,614,1
2162,615,1
1311,615,1
454,615,1
2308,615,1
630,615,1
490,615,1
853,615,1
2409,615,1
1053,615,1
2131,615,1
184,615,1
1653,616,1
1061,616,1
1639,616,1
2203,616,1
1844,616,1
2085,616,1
2175,616,1
1448,616,1
1647,616,1
805,616,1
286,617,1
116,617,1
2088,617,1
836,617,1
2062,617,1
714,617,1
510,617,1
1793,617,1
1413,617,1
892,617,1
812,617,1
425,617,1
509,617,1
477,617,1
1084,617,1
1303,617,1
1786,617,1
1053,617,1
1196,617,1
920,617,1
1559,617,1
2294,617,1
1213,617,1
1719,617,1
22,617,1
2378,617,1
1644,617,1
547,617,1
106,617,1
815,617,1
1657,617,1
1457,617,1
1075,617,1
1520,617,1
297,617,1
375,617,1
565,617,1
1943,617,1
55,617,1
1074,617,1
2299,617,1
2067,617,1
195,617,1
2388,617,1
745,617,1
1704,617,1
1111,618,1
1511,618,1
135,618,1
477,618,1
2062,618,1
1795,618,1
356,618,1
876,618,1
448,618,1
1565,618,1
1959,618,1
1664,618,1
2161,618,1
1291,618,1
878,618,1
1832,618,1
369,618,1
196,618,1
271,619,1
614,619,1
2101,619,1
270,619,1
2013,619,1
1046,620,1
1071,620,1
1842,620,1
1875,620,1
2416,620,1
1844,620,1
959,620,1
1671,620,1
1648,620,1
2328,620,1
1471,620,1
170,620,1
1861,620,1
1206,620,1
358,620,1
2015,620,1
1073,620,1
2166,620,1
1000,620,1
256,620,1
2244,620,1
1426,620,1
2189,620,1
832,620,1
1161,621,1
342,621,1
794,621,1
2127,621,1
1422,621,1
599,621,1
1144,621,1
16,621,1
1605,621,1
1085,621,1
364,621,1
1295,621,1
1587,621,1
574,621,1
2001,621,1
2422,621,1
1502,621,1
1648,621,1
1483,621,1
390,621,1
1114,621,1
2130,621,1
1400,621,1
1542,621,1
1332,621,1
547,622,1
2220,622,1
135,622,1
1590,622,1
2111,622,1
2377,622,1
1604,622,1
2159,622,1
1446,622,1
1941,622,1
357,623,1
494,623,1
1431,623,1
86,623,1
1364,623,1
1025,623,1
1846,623,1
2019,623,1
1680,624,1
2333,624,1
299,624,1
1844,624,1
2036,625,1
373,625,1
2308,625,1
1658,625,1
2196,625,1
1695,625,1
1366,625,1
989,625,1
704,625,1
600,625,1
284,625,1
399,625,1
492,625,1
2409,625,1
1124,625,1
858,625,1
1229,626,1
88,626,1
1164,626,1
611,626,1
1922,626,1
1590,626,1
1262,626,1
1307,626,1
1603,626,1
1398,626,1
1714,626,1
1158,626,1
103,626,1
2066,626,1
1961,626,1
2155,626,1
310,626,1
1516,626,1
638,626,1
528,626,1
844,626,1
818,626,1
1186,626,1
2270,626,1
1616,626,1
231,626,1
2245,626,1
1174,626,1
795,626,1
1703,626,1
690,626,1
1422,626,1
2266,626,1
1278,626,1
52,626,1
1583,626,1
1578,626,1
240,626,1
1432,626,1
1954,626,1
2000,626,1
287,626,1
12,626,1
1277,626,1
113,626,1
2107,626,1
733,626,1
1623,626,1
1724,626,1
805,626,1
1304,627,1
1249,627,1
88,627,1
1931,627,1
1629,627,1
1398,627,1
1310,627,1
1303,627,1
2417,627,1
785,627,1
1846,627,1
989,627,1
1399,627,1
222,627,1
2266,627,1
973,627,1
936,627,1
1544,627,1
28,627,1
447,627,1
12,627,1
1024,627,1
754,627,1
1764,628,1
533,628,1
1511,628,1
1084,628,1
879,628,1
251,629,1
1516,629,1
1439,629,1
373,630,1
415,630,1
1319,630,1
1116,630,1
1053,630,1
1496,630,1
2075,630,1
1919,630,1
714,630,1
1010,630,1
1075,630,1
2144,631,1
1084,631,1
66,631,1
1116,631,1
774,631,1
1319,631,1
270,631,1
1444,631,1
2168,631,1
1919,631,1
495,632,1
1074,632,1
696,632,1
1131,632,1
1038,632,1
1776,632,1
2060,632,1
2101,632,1
422,632,1
865,632,1
1236,632,1
1170,632,1
357,632,1
1660,632,1
2181,632,1
2196,632,1
1695,632,1
600,632,1
1383,632,1
2036,632,1
1899,632,1
421,632,1
2266,632,1
152,632,1
1400,632,1
1816,633,1
2261,633,1
1775,633,1
283,633,1
1084,633,1
2339,634,1
381,634,1
2009,635,1
1225,635,1
1532,635,1
1822,635,1
357,635,1
1303,635,1
1821,635,1
656,635,1
2085,635,1
2280,635,1
709,635,1
819,635,1
939,635,1
1527,635,1
1927,635,1
1140,635,1
1080,635,1
733,635,1
920,636,1
1303,636,1
817,636,1
1862,636,1
427,636,1
127,636,1
2155,636,1
1591,636,1
1867,636,1
439,636,1
850,636,1
1125,636,1
526,637,1
1298,637,1
1311,637,1
1621,637,1
549,637,1
88,637,1
1962,637,1
677,637,1
303,637,1
2227,637,1
2101,637,1
357,637,1
287,637,1
1487,637,1
957,637,1
1385,637,1
2085,637,1
2382,637,1
1369,637,1
2057,637,1
986,637,1
2036,637,1
2018,637,1
1708,637,1
847,637,1
469,637,1
389,637,1
1644,637,1
1470,637,1
1028,637,1
1571,637,1
544,637,1
450,637,1
649,637,1
2349,638,1
23,638,1
1512,638,1
1352,638,1
679,638,1
448,638,1
757,638,1
303,639,1
2137,639,1
271,639,1
1564,639,1
794,639,1
1949,639,1
1754,639,1
2219,639,1
915,639,1
1377,639,1
2375,639,1
1846,639,1
1985,639,1
868,639,1
2145,639,1
24,639,1
1025,639,1
629,640,1
507,640,1
212,640,1
437,640,1
303,640,1
2085,640,1
2389,640,1
196,641,1
1696,641,1
1061,641,1
714,641,1
1321,641,1
2036,641,1
69,641,1
24,641,1
252,641,1
1780,642,1
2217,642,1
2011,642,1
770,642,1
215,642,1
1743,642,1
127,642,1
2348,642,1
1831,642,1
170,642,1
748,642,1
2085,642,1
889,642,1
1501,642,1
916,642,1
1311,643,1
2290,644,1
1161,644,1
164,644,1
2285,644,1
1800,644,1
707,644,1
1572,644,1
1579,644,1
1291,644,1
1971,644,1
1304,645,1
1571,645,1
526,645,1
1071,645,1
1037,645,1
1074,645,1
661,645,1
728,645,1
2137,645,1
101,645,1
549,645,1
1697,645,1
1784,645,1
2211,645,1
313,645,1
1289,645,1
987,645,1
1553,645,1
1171,645,1
1162,645,1
2160,645,1
700,645,1
2080,645,1
2418,645,1
1387,645,1
84,645,1
775,645,1
2390,645,1
1964,645,1
939,645,1
575,645,1
1545,645,1
2412,645,1
804,645,1
1361,645,1
1893,645,1
512,645,1
186,645,1
2363,645,1
1770,645,1
352,645,1
446,645,1
1910,645,1
1541,645,1
528,645,1
957,645,1
588,645,1
1342,645,1
2417,645,1
593,645,1
2003,645,1
2411,645,1
1814,645,1
187,645,1
392,645,1
785,645,1
1115,645,1
263,645,1
1375,645,1
642,645,1
1294,645,1
219,645,1
4,645,1
1391,645,1
76,645,1
2131,645,1
86,645,1
1767,645,1
719,645,1
1503,645,1
2085,645,1
600,645,1
1515,645,1
1103,645,1
127,645,1
666,645,1
1559,645,1
1369,645,1
1869,645,1
1173,645,1
1295,645,1
1473,645,1
1522,645,1
2147,645,1
1021,645,1
1587,645,1
821,645,1
1488,645,1
955,645,1
2230,645,1
1612,645,1
2018,645,1
266,645,1
664,645,1
1708,645,1
1118,645,1
2402,645,1
393,645,1
847,645,1
548,645,1
1159,645,1
1423,645,1
1278,645,1
1572,645,1
225,645,1
160,645,1
2246,645,1
1377,645,1
192,645,1
1790,645,1
1801,645,1
2175,645,1
936,645,1
1965,645,1
1432,645,1
1238,645,1
2233,645,1
1017,645,1
1805,645,1
1444,645,1
2135,645,1
193,645,1
413,645,1
15,645,1
2307,645,1
1486,645,1
551,645,1
175,645,1
1098,645,1
12,645,1
1084,645,1
1024,645,1
245,645,1
1904,645,1
2400,645,1
1080,645,1
2403,645,1
2382,645,1
1039,645,1
244,645,1
409,645,1
649,645,1
1492,645,1
2019,645,1
2029,645,1
608,645,1
1759,645,1
1016,645,1
1055,645,1
1601,645,1
1239,645,1
1693,645,1
1818,645,1
620,645,1
419,646,1
276,646,1
1351,646,1
1092,646,1
819,646,1
1203,646,1
1090,646,1
1767,646,1
372,646,1
2409,646,1
1867,646,1
184,646,1
8,646,1
1343,647,1
1069,647,1
1587,647,1
2328,647,1
1791,647,1
1304,647,1
1844,647,1
1661,647,1
1251,647,1
1288,647,1
435,647,1
303,647,1
1975,647,1
1977,647,1
706,648,1
1587,648,1
357,648,1
2361,648,1
629,649,1
1783,649,1
1061,649,1
370,649,1
300,649,1
202,649,1
714,649,1
2185,649,1
982,649,1
1421,649,1
1985,649,1
1427,649,1
1653,649,1
1787,649,1
1444,650,1
872,650,1
714,650,1
4,650,1
659,650,1
1767,650,1
234,651,1
707,651,1
1783,651,1
2149,651,1
1952,651,1
389,652,1
1074,652,1
2137,652,1
315,652,1
922,652,1
357,652,1
1152,652,1
507,652,1
1447,652,1
1610,652,1
1251,652,1
185,652,1
435,652,1
2415,652,1
303,652,1
1710,652,1
551,652,1
2064,653,1
76,653,1
1510,653,1
183,654,1
2064,654,1
1033,654,1
76,654,1
969,655,1
1332,655,1
1698,656,1
1062,656,1
394,656,1
556,656,1
2157,656,1
117,656,1
1171,657,1
2100,657,1
2166,657,1
664,657,1
1057,657,1
435,657,1
1710,657,1
65,658,1
2343,658,1
1014,658,1
470,658,1
604,658,1
1293,658,1
1223,658,1
374,658,1
2410,658,1
714,658,1
512,658,1
2249,658,1
2204,658,1
833,658,1
794,658,1
2227,658,1
2242,658,1
49,658,1
1894,658,1
1798,658,1
1830,658,1
1688,658,1
438,658,1
1041,658,1
2336,658,1
791,658,1
1237,658,1
201,658,1
898,658,1
2003,658,1
404,658,1
2159,658,1
2312,658,1
907,658,1
2151,658,1
1961,658,1
1725,658,1
520,658,1
1357,658,1
2328,658,1
1444,658,1
47,658,1
1275,658,1
524,658,1
1954,658,1
867,658,1
2364,658,1
2145,658,1
974,658,1
1502,658,1
2048,658,1
985,658,1
2071,658,1
1151,658,1
1700,658,1
2077,658,1
591,658,1
372,658,1
2086,658,1
1015,659,1
1844,659,1
65,659,1
1786,659,1
226,659,1
1105,659,1
2036,659,1
1033,659,1
1855,659,1
2346,659,1
358,659,1
227,659,1
540,659,1
971,659,1
543,659,1
1589,659,1
1649,659,1
949,659,1
511,659,1
248,659,1
1265,659,1
329,659,1
805,659,1
17,660,1
1653,660,1
1061,660,1
2162,660,1
1844,660,1
1504,660,1
1053,661,1
533,661,1
286,662,1
836,662,1
984,662,1
843,662,1
1853,662,1
2032,662,1
2174,662,1
1082,662,1
2199,662,1
565,662,1
425,662,1
2327,662,1
1872,662,1
794,662,1
804,662,1
1250,662,1
109,662,1
2377,662,1
2088,662,1
1053,662,1
243,662,1
1084,662,1
364,662,1
915,662,1
1075,662,1
1498,662,1
1324,662,1
229,662,1
864,662,1
1767,662,1
600,662,1
569,662,1
311,662,1
2239,662,1
2166,662,1
2266,662,1
1960,662,1
939,662,1
2323,662,1
815,662,1
757,662,1
732,662,1
1001,662,1
933,662,1
1715,662,1
1457,662,1
1803,662,1
2299,662,1
1867,662,1
647,662,1
1925,662,1
1010,662,1
195,662,1
33,662,1
693,662,1
233,662,1
2115,662,1
2112,662,1
914,662,1
1198,662,1
338,662,1
1752,662,1
1783,663,1
1799,663,1
186,663,1
1894,663,1
1053,663,1
1952,663,1
373,664,1
1844,664,1
1931,664,1
155,664,1
1743,664,1
356,664,1
1831,664,1
1062,664,1
170,664,1
2085,664,1
889,664,1
848,664,1
916,664,1
135,665,1
92,665,1
1346,665,1
1053,665,1
1523,665,1
1166,665,1
2281,665,1
1720,665,1
863,665,1
394,665,1
2133,665,1
610,666,1
2064,666,1
1071,667,1
80,667,1
841,667,1
1128,667,1
611,667,1
908,667,1
435,667,1
1377,667,1
660,667,1
1598,667,1
540,667,1
2282,667,1
2189,667,1
707,668,1
1500,668,1
402,668,1
1857,668,1
794,668,1
813,668,1
1157,668,1
857,668,1
351,668,1
2218,668,1
358,668,1
2147,668,1
175,668,1
1502,668,1
233,668,1
1375,669,1
2166,669,1
78,669,1
2220,670,1
1844,670,1
2093,670,1
1053,670,1
2137,670,1
26,670,1
915,670,1
357,670,1
2249,670,1
714,670,1
2375,670,1
1985,670,1
540,670,1
2171,670,1
619,670,1
1265,670,1
1114,670,1
1952,670,1
174,671,1
938,671,1
1923,671,1
2220,671,1
2321,671,1
2113,671,1
1241,671,1
186,671,1
775,671,1
582,671,1
794,671,1
2223,671,1
108,671,1
1695,671,1
1034,671,1
1892,671,1
1409,671,1
494,671,1
1807,671,1
691,671,1
1899,671,1
127,671,1
172,671,1
1805,671,1
209,671,1
47,671,1
1971,671,1
1894,671,1
2001,671,1
2175,671,1
944,671,1
1026,671,1
1887,671,1
1364,671,1
484,671,1
2230,671,1
1846,671,1
2004,671,1
1395,671,1
2391,671,1
186,672,1
804,672,1
435,672,1
921,672,1
2036,672,1
1815,672,1
1965,672,1
2166,672,1
664,672,1
2085,672,1
447,672,1
504,672,1
1515,672,1
734,672,1
2321,673,1
2318,673,1
770,673,1
2035,673,1
270,673,1
1653,673,1
616,673,1
1159,673,1
1027,673,1
1224,673,1
848,673,1
1400,673,1
6,674,1
419,674,1
641,674,1
1074,674,1
989,674,1
1695,674,1
794,674,1
2134,674,1
1830,674,1
1303,674,1
260,674,1
1484,674,1
2286,674,1
1846,674,1
648,674,1
2036,674,1
619,674,1
1755,674,1
920,674,1
2190,674,1
1844,674,1
1952,674,1
1125,674,1
435,675,1
1829,675,1
1454,675,1
1844,675,1
1836,675,1
437,675,1
1788,676,1
1937,676,1
1015,676,1
1628,676,1
2062,676,1
1889,676,1
2035,676,1
1376,676,1
1988,676,1
1872,676,1
1949,676,1
979,676,1
1606,676,1
1157,676,1
465,676,1
448,676,1
345,676,1
1730,676,1
2344,676,1
1492,676,1
2052,676,1
483,676,1
1148,676,1
1926,676,1
2293,676,1
1969,676,1
1114,676,1
2285,677,1
376,677,1
668,677,1
746,677,1
2100,677,1
1979,677,1
1883,677,1
1075,677,1
2011,678,1
1082,678,1
752,678,1
364,678,1
1621,679,1
589,679,1
226,679,1
507,679,1
629,680,1
1635,680,1
2100,680,1
1422,680,1
932,681,1
804,681,1
435,681,1
2100,681,1
658,681,1
1632,681,1
835,681,1
1846,682,1
477,683,1
1611,683,1
1082,683,1
1933,683,1
794,683,1
1767,683,1
906,683,1
1452,683,1
1174,683,1
2378,683,1
758,684,1
1471,685,1
2220,685,1
1931,685,1
770,685,1
1346,685,1
1312,685,1
343,685,1
47,685,1
69,685,1
977,686,1
419,686,1
1771,686,1
625,686,1
654,686,1
328,686,1
521,686,1
1588,686,1
1598,686,1
103,686,1
1545,686,1
249,686,1
1335,686,1
776,686,1
1896,686,1
1961,686,1
1072,686,1
2085,686,1
1985,686,1
540,686,1
1790,686,1
911,686,1
1409,686,1
613,686,1
1967,686,1
1136,686,1
329,686,1
265,686,1
100,686,1
1655,686,1
2413,686,1
848,686,1
1647,686,1
1515,686,1
1297,686,1
2207,686,1
1065,686,1
521,687,1
977,687,1
1009,687,1
235,687,1
419,687,1
2011,687,1
1771,687,1
843,687,1
454,687,1
555,687,1
777,687,1
625,687,1
667,687,1
654,687,1
481,687,1
1890,687,1
2338,687,1
1299,687,1
1545,687,1
1406,687,1
2261,687,1
1449,687,1
103,687,1
1003,687,1
1117,687,1
561,687,1
752,687,1
2417,687,1
1373,687,1
1677,687,1
47,687,1
2372,687,1
398,687,1
776,687,1
1224,687,1
1517,687,1
2166,687,1
2085,687,1
107,687,1
1149,687,1
915,687,1
448,687,1
508,687,1
1985,687,1
2175,687,1
2376,687,1
1502,687,1
1377,687,1
1967,687,1
529,687,1
1760,687,1
1867,687,1
1136,687,1
1395,687,1
1011,687,1
265,687,1
100,687,1
2067,687,1
1592,687,1
1835,687,1
1197,687,1
1907,687,1
196,687,1
1515,687,1
63,687,1
2068,687,1
1183,687,1
1297,687,1
2036,688,1
1074,688,1
625,688,1
2060,688,1
1695,688,1
1053,688,1
1844,688,1
630,688,1
2423,688,1
421,688,1
2050,688,1
2260,688,1
397,688,1
62,689,1
247,689,1
387,690,1
2220,690,1
2261,690,1
965,690,1
679,690,1
85,690,1
65,691,1
1223,691,1
533,691,1
2220,691,1
1471,691,1
1014,691,1
1031,691,1
714,691,1
2204,691,1
1731,692,1
9,692,1
1767,692,1
448,692,1
1590,693,1
2298,693,1
1496,693,1
1677,693,1
1724,693,1
1665,693,1
2250,693,1
450,693,1
2100,694,1
88,695,1
1359,695,1
135,695,1
1333,695,1
1275,695,1
2118,695,1
2060,695,1
856,695,1
2377,695,1
2181,695,1
2361,695,1
96,695,1
343,695,1
2159,695,1
1019,695,1
1786,696,1
2211,696,1
2217,696,1
286,696,1
0,696,1
1116,696,1
774,696,1
2011,696,1
1467,696,1
1135,696,1
836,696,1
2168,696,1
1957,696,1
196,696,1
729,696,1
1770,696,1
1084,696,1
1919,696,1
1795,696,1
277,696,1
480,696,1
2361,696,1
1712,696,1
481,696,1
166,696,1
2197,696,1
1196,696,1
958,696,1
813,696,1
1534,696,1
1725,696,1
714,696,1
448,696,1
1965,696,1
757,696,1
1775,696,1
1644,696,1
2209,696,1
647,696,1
489,696,1
2294,696,1
274,696,1
1497,696,1
1221,696,1
1886,696,1
1074,696,1
2284,696,1
1046,697,1
841,697,1
1844,697,1
908,697,1
1377,697,1
785,697,1
2015,697,1
1408,697,1
435,697,1
810,697,1
161,697,1
90,697,1
774,698,1
1071,698,1
1842,698,1
1875,698,1
1844,698,1
1545,698,1
1167,698,1
2018,698,1
785,698,1
1274,698,1
2166,698,1
344,698,1
699,698,1
943,698,1
2189,698,1
916,698,1
435,698,1
2008,698,1
801,698,1
143,698,1
255,698,1
2421,699,1
1045,699,1
250,699,1
2058,699,1
182,699,1
341,699,1
1304,699,1
311,699,1
489,699,1
1137,700,1
340,701,1
1573,701,1
1800,701,1
664,701,1
1920,701,1
1621,702,1
97,702,1
2420,702,1
559,702,1
286,702,1
1511,702,1
2016,702,1
1371,702,1
866,702,1
2168,702,1
1978,702,1
729,702,1
2062,702,1
264,702,1
957,702,1
1515,702,1
541,702,1
217,702,1
2386,702,1
142,702,1
2079,702,1
301,702,1
920,702,1
2100,702,1
1563,702,1
1716,702,1
2220,703,1
1731,703,1
37,703,1
1698,703,1
1844,703,1
127,704,1
1053,705,1
1015,706,1
774,706,1
2011,706,1
362,706,1
364,706,1
1071,706,1
515,706,1
104,706,1
80,706,1
1444,706,1
1398,706,1
644,706,1
1628,706,1
1892,706,1
1451,706,1
155,706,1
1281,706,1
1960,706,1
1930,706,1
1134,706,1
1958,706,1
444,706,1
941,706,1
249,706,1
258,706,1
21,706,1
2200,706,1
1085,706,1
670,706,1
1434,706,1
2166,706,1
714,706,1
828,706,1
1844,706,1
2175,706,1
1408,706,1
1288,706,1
1377,706,1
815,706,1
1210,706,1
1426,706,1
2071,706,1
2382,706,1
1992,706,1
544,706,1
2183,706,1
2069,706,1
565,706,1
265,706,1
435,706,1
365,706,1
2282,706,1
2052,706,1
483,706,1
1185,706,1
1490,706,1
1109,707,1
247,707,1
6,708,1
2179,708,1
2420,708,1
2160,708,1
402,708,1
381,708,1
226,708,1
1493,708,1
714,708,1
491,708,1
142,708,1
958,708,1
1005,708,1
76,708,1
1658,708,1
2124,708,1
1489,708,1
1591,708,1
1966,708,1
1924,708,1
1589,708,1
413,708,1
580,708,1
619,708,1
2178,708,1
252,708,1
1265,708,1
961,708,1
1671,708,1
1844,709,1
1218,709,1
1927,709,1
1545,710,1
582,710,1
1388,710,1
103,710,1
407,711,1
1074,711,1
1980,711,1
1782,711,1
1931,711,1
1819,711,1
1830,711,1
2196,711,1
711,711,1
560,711,1
1070,711,1
2283,711,1
2050,711,1
2344,711,1
536,711,1
1325,712,1
1948,712,1
412,712,1
6,713,1
419,713,1
1312,713,1
2386,713,1
1127,713,1
201,713,1
1379,713,1
7,713,1
2292,713,1
1053,714,1
1084,714,1
1075,714,1
788,714,1
776,714,1
245,714,1
303,715,1
892,715,1
1822,715,1
782,715,1
1879,715,1
817,715,1
548,715,1
2253,715,1
649,715,1
1643,715,1
1651,715,1
2391,715,1
2175,715,1
227,715,1
1279,715,1
439,715,1
314,715,1
905,715,1
1191,715,1
322,715,1
588,716,1
1732,716,1
1247,716,1
174,717,1
1962,717,1
1956,717,1
965,717,1
1892,717,1
323,718,1
1923,718,1
127,718,1
1617,718,1
1087,718,1
1846,718,1
1844,718,1
977,719,1
324,719,1
2201,719,1
883,719,1
2002,719,1
2085,719,1
2175,719,1
1502,719,1
1364,719,1
90,719,1
1967,719,1
529,719,1
1067,719,1
1867,719,1
174,719,1
1655,719,1
2115,719,1
629,720,1
1179,720,1
1635,720,1
2196,721,1
175,721,1
515,722,1
1844,722,1
352,722,1
841,722,1
1172,722,1
2223,722,1
1909,722,1
1671,722,1
983,722,1
920,722,1
96,722,1
540,722,1
1253,722,1
810,722,1
1007,722,1
86,722,1
869,722,1
1053,723,1
533,723,1
1366,723,1
681,723,1
1214,723,1
2409,723,1
69,723,1
1161,724,1
2285,724,1
1075,724,1
958,724,1
1720,724,1
707,724,1
1291,724,1
447,724,1
681,724,1
1867,724,1
2409,724,1
920,725,1
268,725,1
1836,725,1
939,725,1
1846,725,1
13,726,1
2038,726,1
1810,726,1
204,727,1
1523,727,1
1326,727,1
1341,727,1
1291,727,1
300,727,1
1405,727,1
196,728,1
1325,728,1
610,728,1
340,728,1
260,728,1
1196,728,1
2100,728,1
631,728,1
490,728,1
154,728,1
395,728,1
2170,728,1
1538,728,1
502,728,1
1517,728,1
1572,728,1
920,728,1
1579,728,1
1191,728,1
1844,729,1
104,730,1
567,730,1
429,730,1
932,730,1
2221,730,1
1222,730,1
1006,730,1
429,731,1
1311,731,1
2306,731,1
1006,731,1
1654,731,1
1325,732,1
782,732,1
357,732,1
1707,732,1
2361,732,1
154,732,1
540,732,1
1680,733,1
1684,733,1
2333,733,1
819,733,1
1071,734,1
92,734,1
1931,734,1
1844,734,1
158,735,1
4,735,1
1576,735,1
1836,735,1
619,735,1
1724,736,1
2339,737,1
135,737,1
81,737,1
45,737,1
1086,737,1
376,738,1
1463,738,1
1885,738,1
2084,738,1
1387,738,1
1188,738,1
2220,739,1
108,739,1
173,740,1
127,740,1
1642,740,1
2221,740,1
1402,740,1
1119,740,1
2153,740,1
853,740,1
1845,740,1
630,740,1
1050,741,1
774,741,1
2011,741,1
1421,741,1
1071,741,1
1568,741,1
841,741,1
1842,741,1
1444,741,1
1433,741,1
2335,741,1
371,741,1
611,741,1
644,741,1
1628,741,1
510,741,1
1892,741,1
1084,741,1
714,741,1
991,741,1
1167,741,1
1281,741,1
324,741,1
2035,741,1
960,741,1
2377,741,1
2223,741,1
2058,741,1
89,741,1
800,741,1
357,741,1
1894,741,1
283,741,1
367,741,1
1545,741,1
675,741,1
1666,741,1
920,741,1
785,741,1
410,741,1
1087,741,1
2290,741,1
1471,741,1
96,741,1
1247,741,1
1854,741,1
2175,741,1
852,741,1
1632,741,1
85,741,1
1274,741,1
226,741,1
2198,741,1
2018,741,1
1073,741,1
2260,741,1
821,741,1
1033,741,1
736,741,1
448,741,1
828,741,1
508,741,1
1960,741,1
1844,741,1
1377,741,1
1681,741,1
1253,741,1
2230,741,1
761,741,1
435,741,1
699,741,1
175,741,1
2282,741,1
544,741,1
1265,741,1
1774,742,1
1507,742,1
841,743,1
1604,744,1
494,744,1
588,744,1
2159,744,1
2148,744,1
78,744,1
1446,744,1
2298,745,1
2187,745,1
1566,745,1
589,745,1
494,746,1
998,747,1
144,747,1
2420,747,1
1788,747,1
934,747,1
302,747,1
2009,747,1
1216,747,1
301,747,1
662,747,1
1889,747,1
312,747,1
929,747,1
1795,747,1
29,747,1
1800,747,1
1784,747,1
376,747,1
2031,747,1
108,747,1
455,747,1
1892,747,1
142,747,1
2132,747,1
1303,747,1
1105,747,1
1974,747,1
1157,747,1
669,747,1
237,747,1
900,747,1
1678,747,1
1397,747,1
1691,747,1
1493,747,1
2194,747,1
2329,747,1
766,747,1
90,747,1
241,747,1
554,747,1
850,747,1
1033,747,1
435,747,1
2091,747,1
2010,747,1
314,747,1
778,748,1
629,748,1
2376,748,1
794,748,1
357,748,1
1134,748,1
679,748,1
351,748,1
939,748,1
424,748,1
1816,749,1
1015,749,1
66,750,1
1866,750,1
1223,751,1
2220,751,1
1471,751,1
604,751,1
794,751,1
714,751,1
49,751,1
2227,751,1
2242,751,1
1787,751,1
782,751,1
1830,751,1
1688,751,1
438,751,1
2003,751,1
1041,751,1
1834,751,1
691,751,1
2159,751,1
2411,751,1
1961,751,1
1725,751,1
520,751,1
1357,751,1
1275,751,1
524,751,1
2145,751,1
1502,751,1
985,751,1
372,751,1
2071,751,1
865,751,1
2077,751,1
1071,752,1
155,752,1
1870,752,1
1498,752,1
1789,752,1
2000,752,1
419,753,1
2162,753,1
271,753,1
1170,753,1
37,753,1
818,753,1
1695,753,1
1521,753,1
2308,753,1
490,753,1
704,753,1
2409,753,1
2344,753,1
2048,753,1
184,753,1
2261,754,1
1942,754,1
137,754,1
378,754,1
948,755,1
1844,755,1
685,756,1
168,756,1
2365,756,1
2291,756,1
929,757,1
1844,757,1
1431,757,1
458,757,1
1514,757,1
287,757,1
801,757,1
729,758,1
629,758,1
1686,758,1
610,759,1
1393,759,1
2016,760,1
622,760,1
469,760,1
1844,761,1
135,762,1
1421,762,1
75,762,1
341,762,1
631,762,1
957,762,1
165,762,1
658,762,1
206,762,1
448,762,1
1587,762,1
2322,763,1
1245,763,1
836,764,1
66,764,1
97,764,1
81,764,1
2294,764,1
1084,764,1
929,764,1
1707,764,1
1658,764,1
623,764,1
714,764,1
815,764,1
1001,764,1
2161,764,1
1065,764,1
268,765,1
1061,765,1
2201,765,1
1341,765,1
948,765,1
2185,765,1
203,765,1
774,766,1
882,766,1
2058,766,1
569,766,1
658,766,1
2075,766,1
714,766,1
2354,766,1
1435,766,1
1319,766,1
1074,766,1
2017,766,1
1832,766,1
1969,766,1
149,766,1
247,767,1
2158,767,1
818,767,1
62,767,1
1229,767,1
1695,767,1
337,767,1
330,767,1
1976,767,1
269,767,1
864,767,1
2297,767,1
648,767,1
1543,767,1
507,768,1
785,768,1
2036,768,1
1844,768,1
1703,768,1
435,768,1
1738,769,1
507,769,1
2369,769,1
2159,769,1
1446,769,1
416,769,1
1483,769,1
1874,770,1
1844,771,1
691,771,1
127,771,1
2001,771,1
540,771,1
1501,771,1
1025,771,1
2157,771,1
389,772,1
402,772,1
2220,772,1
1349,772,1
1059,772,1
47,772,1
141,772,1
2131,772,1
469,772,1
648,772,1
2013,772,1
117,772,1
92,773,1
801,773,1
1844,773,1
1879,774,1
2166,774,1
1934,775,1
1937,775,1
2239,775,1
1788,775,1
2352,775,1
1376,775,1
1088,775,1
2035,775,1
1892,775,1
1936,775,1
1031,775,1
2031,775,1
1483,776,1
774,777,1
521,777,1
389,777,1
69,777,1
1799,778,1
1413,778,1
1680,778,1
2285,778,1
341,778,1
1413,779,1
478,779,1
2292,779,1
283,779,1
1527,779,1
1882,779,1
1783,780,1
509,780,1
1333,780,1
2354,780,1
1683,780,1
926,781,1
2011,781,1
1171,781,1
1916,781,1
313,781,1
700,781,1
103,781,1
1236,781,1
83,781,1
1587,781,1
2294,781,1
547,781,1
2363,781,1
1694,781,1
957,781,1
2003,781,1
1686,781,1
2085,781,1
1509,781,1
1203,781,1
989,781,1
1515,781,1
1661,781,1
973,781,1
2095,781,1
261,781,1
916,781,1
93,781,1
324,782,1
1296,782,1
1844,782,1
1684,782,1
1015,783,1
2248,783,1
2160,783,1
230,783,1
1128,784,1
1084,784,1
2361,784,1
2258,784,1
629,785,1
1923,785,1
1388,785,1
88,786,1
1617,786,1
1471,786,1
2369,786,1
2377,786,1
2261,786,1
1363,786,1
1437,786,1
2361,786,1
1787,786,1
1421,786,1
2159,786,1
2148,786,1
2166,786,1
554,786,1
2382,786,1
717,786,1
308,786,1
1711,786,1
1734,786,1
252,786,1
1881,786,1
246,786,1
1483,786,1
419,787,1
512,787,1
341,787,1
2292,787,1
283,787,1
1527,787,1
1386,787,1
676,788,1
419,788,1
697,788,1
135,788,1
614,788,1
2322,788,1
2313,788,1
196,788,1
2377,788,1
1271,788,1
1604,788,1
2215,788,1
503,788,1
431,788,1
1657,788,1
1446,788,1
171,788,1
792,788,1
1177,788,1
2280,788,1
1934,789,1
670,789,1
2416,789,1
741,789,1
1404,789,1
1053,789,1
1033,789,1
1421,789,1
1606,789,1
1985,789,1
1419,789,1
345,789,1
814,789,1
880,789,1
840,789,1
1148,789,1
556,789,1
779,789,1
2021,789,1
1953,789,1
1766,789,1
1926,789,1
2293,789,1
1259,789,1
1298,790,1
2011,790,1
97,790,1
531,790,1
611,790,1
1398,790,1
644,790,1
2125,790,1
2377,790,1
1960,790,1
1218,790,1
2328,790,1
785,790,1
1005,790,1
630,790,1
1247,790,1
915,790,1
1488,790,1
1666,790,1
1288,790,1
810,790,1
815,790,1
1210,790,1
544,790,1
2183,790,1
1253,790,1
2345,790,1
365,790,1
2282,790,1
435,790,1
174,790,1
1791,790,1
1490,790,1
1892,790,1
609,790,1
1014,791,1
1901,791,1
1321,791,1
1653,791,1
180,791,1
108,791,1
77,791,1
714,791,1
307,791,1
1112,791,1
2057,791,1
1281,791,1
155,791,1
631,791,1
423,791,1
201,791,1
659,791,1
19,791,1
127,791,1
1206,791,1
44,791,1
1529,791,1
1579,791,1
1984,791,1
2175,791,1
910,791,1
2043,791,1
2295,791,1
1846,791,1
701,791,1
1950,791,1
1790,791,1
2269,791,1
1140,791,1
483,791,1
1722,791,1
805,791,1
1298,792,1
774,792,1
2011,792,1
1653,792,1
81,792,1
1071,792,1
952,792,1
714,792,1
324,792,1
1960,792,1
1100,792,1
712,792,1
442,792,1
1632,792,1
85,792,1
2200,792,1
2018,792,1
1878,792,1
1033,792,1
828,792,1
489,792,1
1408,792,1
1666,792,1
1288,792,1
2230,792,1
957,792,1
579,792,1
1432,792,1
1589,792,1
147,792,1
1253,792,1
851,792,1
565,792,1
1613,792,1
2019,792,1
365,792,1
801,792,1
435,792,1
2282,792,1
2052,792,1
174,792,1
1495,793,1
1942,793,1
52,793,1
569,793,1
610,794,1
957,794,1
1075,794,1
1732,794,1
1050,795,1
303,795,1
429,795,1
935,795,1
695,795,1
127,795,1
1654,795,1
998,796,1
1117,796,1
2009,796,1
610,796,1
2414,796,1
455,796,1
1303,796,1
1859,796,1
900,796,1
1295,796,1
1755,796,1
554,796,1
766,796,1
241,796,1
291,796,1
840,796,1
118,796,1
2170,796,1
435,796,1
848,796,1
2091,796,1
1197,796,1
773,796,1
1844,797,1
2271,797,1
1061,798,1
1030,798,1
142,798,1
2215,798,1
1572,798,1
631,798,1
219,798,1
1017,798,1
1985,798,1
939,798,1
1587,798,1
72,798,1
2043,798,1
1540,798,1
1185,798,1
82,798,1
1977,798,1
1722,798,1
1799,799,1
1413,799,1
1882,799,1
2292,799,1
283,799,1
357,800,1
507,800,1
1467,800,1
284,800,1
681,800,1
492,800,1
2409,800,1
1749,800,1
610,801,1
2273,802,1
629,803,1
1538,803,1
1787,803,1
1261,804,1
2082,804,1
777,804,1
1421,804,1
376,804,1
1879,804,1
127,804,1
1836,804,1
619,804,1
204,805,1
2393,805,1
1061,805,1
370,805,1
1326,805,1
1341,805,1
2185,805,1
2212,805,1
2085,805,1
1244,805,1
448,805,1
579,805,1
1645,805,1
547,805,1
1625,805,1
851,805,1
2077,805,1
1911,805,1
1787,805,1
300,805,1
2086,805,1
533,806,1
415,806,1
66,806,1
1256,806,1
729,806,1
2220,806,1
135,806,1
714,806,1
1471,806,1
2333,806,1
884,806,1
2181,806,1
2427,806,1
1703,806,1
1919,806,1
1168,806,1
1783,806,1
933,806,1
589,806,1
1236,806,1
1175,806,1
1053,806,1
2284,806,1
2287,806,1
958,806,1
1786,807,1
2220,807,1
2261,807,1
901,807,1
679,807,1
419,808,1
917,808,1
1965,808,1
2220,808,1
1875,808,1
1132,809,1
610,809,1
340,809,1
1315,809,1
998,810,1
196,810,1
1117,810,1
1784,810,1
1795,810,1
986,810,1
2414,810,1
1819,810,1
1695,810,1
455,810,1
2036,810,1
1689,810,1
1303,810,1
920,810,1
95,810,1
1295,810,1
554,810,1
2329,810,1
241,810,1
850,810,1
1123,810,1
2091,810,1
1564,810,1
610,811,1
1082,811,1
1157,811,1
1366,811,1
704,811,1
2146,812,1
470,812,1
1731,812,1
1844,812,1
9,812,1
2237,812,1
1124,812,1
1261,813,1
2187,813,1
2072,813,1
2346,813,1
445,813,1
2041,813,1
1286,813,1
1191,813,1
239,813,1
920,814,1
1061,814,1
770,814,1
540,814,1
72,814,1
1540,814,1
331,814,1
701,814,1
1722,814,1
1621,815,1
507,815,1
1656,815,1
214,815,1
186,816,1
144,816,1
2166,816,1
734,816,1
1767,817,1
2237,817,1
107,817,1
1844,818,1
1071,818,1
841,818,1
2128,819,1
819,819,1
2237,819,1
1090,819,1
1071,820,1
370,820,1
1071,821,1
1030,821,1
841,821,1
2321,821,1
1167,821,1
94,821,1
2018,821,1
1218,821,1
920,821,1
280,821,1
39,821,1
1471,821,1
1725,821,1
1985,821,1
1844,821,1
810,821,1
1377,821,1
1908,821,1
2282,821,1
2189,821,1
1253,821,1
272,821,1
432,821,1
2029,821,1
584,821,1
1169,821,1
257,821,1
1061,822,1
268,822,1
1341,822,1
1787,822,1
37,822,1
581,822,1
629,822,1
851,822,1
848,822,1
300,822,1
2086,822,1
173,823,1
429,823,1
1786,823,1
917,823,1
2221,823,1
1521,823,1
191,823,1
129,823,1
2153,823,1
718,823,1
1421,823,1
1235,823,1
907,823,1
213,823,1
448,823,1
2246,823,1
460,823,1
2323,823,1
1471,823,1
489,823,1
1891,823,1
1789,823,1
1265,823,1
272,823,1
331,823,1
2360,823,1
63,823,1
1690,824,1
462,825,1
2344,825,1
2033,825,1
2091,825,1
619,825,1
435,826,1
2220,827,1
1515,827,1
1771,827,1
17,827,1
127,827,1
496,827,1
948,827,1
2397,827,1
540,827,1
787,827,1
723,827,1
993,827,1
774,828,1
1298,828,1
892,828,1
1421,828,1
1444,828,1
729,828,1
1084,828,1
1236,828,1
1466,828,1
569,828,1
1767,828,1
785,828,1
230,828,1
229,828,1
85,828,1
835,828,1
1716,828,1
1787,828,1
714,828,1
1506,828,1
1481,828,1
1383,828,1
1874,828,1
524,828,1
1657,828,1
448,828,1
1644,828,1
1847,828,1
1347,828,1
1497,828,1
1264,828,1
2017,828,1
2282,828,1
1075,828,1
489,828,1
865,828,1
107,828,1
1228,828,1
1723,828,1
1010,828,1
2426,828,1
1125,828,1
1304,829,1
1074,829,1
568,829,1
1621,829,1
101,829,1
1697,829,1
1784,829,1
2363,829,1
1398,829,1
743,829,1
2310,829,1
75,829,1
2383,829,1
357,829,1
491,829,1
2390,829,1
446,829,1
957,829,1
1814,829,1
785,829,1
1622,829,1
890,829,1
1939,829,1
2085,829,1
1515,829,1
2312,829,1
2382,829,1
1369,829,1
2280,829,1
1173,829,1
796,829,1
821,829,1
2018,829,1
2402,829,1
1661,829,1
1583,829,1
2175,829,1
437,829,1
1444,829,1
2250,829,1
634,829,1
1790,829,1
1278,829,1
2307,829,1
1805,829,1
1098,829,1
754,829,1
2161,829,1
1624,829,1
1623,829,1
1758,829,1
1724,829,1
2425,829,1
2029,829,1
1024,829,1
608,829,1
2019,829,1
2284,829,1
92,830,1
1816,830,1
2146,830,1
1523,830,1
1296,831,1
1844,831,1
1844,832,1
1523,833,1
677,833,1
370,833,1
1808,833,1
377,833,1
1545,833,1
714,833,1
982,833,1
2212,833,1
1787,833,1
1002,833,1
2085,833,1
1244,833,1
1653,833,1
79,833,1
2371,833,1
1739,833,1
2000,833,1
579,833,1
1646,833,1
1645,833,1
149,833,1
1182,833,1
1257,833,1
1492,833,1
300,833,1
2107,833,1
1911,833,1
2086,833,1
841,834,1
908,834,1
103,834,1
1960,834,1
2018,834,1
2332,834,1
889,834,1
1800,834,1
630,834,1
670,834,1
1488,834,1
1844,834,1
1253,834,1
815,834,1
2001,834,1
1791,834,1
1539,834,1
2140,834,1
544,834,1
2183,834,1
2345,834,1
435,834,1
1169,834,1
2337,834,1
707,835,1
21,835,1
2011,835,1
1120,835,1
127,835,1
1650,835,1
277,835,1
1615,835,1
155,835,1
915,835,1
1062,835,1
1877,835,1
1716,835,1
1488,835,1
1446,835,1
916,835,1
310,835,1
161,835,1
1722,835,1
2126,835,1
629,836,1
2146,836,1
135,836,1
654,837,1
1061,837,1
102,838,1
1781,839,1
1359,839,1
381,840,1
610,840,1
2058,840,1
1084,840,1
677,841,1
2249,842,1
292,842,1
2220,842,1
2334,842,1
2304,842,1
1214,842,1
1426,842,1
1647,842,1
184,842,1
173,843,1
429,843,1
194,843,1
1053,843,1
1654,843,1
2153,843,1
853,843,1
630,843,1
346,844,1
1236,844,1
813,844,1
1342,845,1
2220,845,1
2208,845,1
353,845,1
521,845,1
2155,845,1
1074,845,1
1438,845,1
819,845,1
1303,845,1
446,845,1
2343,845,1
1105,845,1
1637,845,1
1469,845,1
2122,845,1
1206,845,1
748,845,1
2140,845,1
1985,845,1
682,845,1
2297,845,1
1844,845,1
863,845,1
409,845,1
955,845,1
344,845,1
69,845,1
2000,845,1
1501,845,1
554,845,1
1791,845,1
1510,845,1
2107,845,1
1017,845,1
1538,845,1
1818,845,1
80,846,1
841,846,1
1960,846,1
1281,846,1
785,846,1
435,846,1
1844,846,1
810,846,1
761,846,1
1977,846,1
1127,847,1
459,847,1
201,847,1
7,847,1
2292,847,1
1379,847,1
1228,847,1
164,848,1
1483,848,1
2130,848,1
1421,849,1
1015,849,1
2369,849,1
1921,849,1
1604,849,1
1963,849,1
2159,849,1
448,849,1
1905,849,1
1826,849,1
145,849,1
1844,850,1
1836,850,1
1483,850,1
897,851,1
1132,851,1
610,851,1
1922,851,1
340,851,1
2040,851,1
490,851,1
1657,851,1
1242,851,1
920,851,1
1579,851,1
1082,852,1
2100,852,1
1279,852,1
1984,852,1
175,852,1
2365,852,1
809,853,1
247,853,1
269,853,1
890,853,1
864,853,1
1109,853,1
2036,854,1
226,854,1
2196,854,1
1695,854,1
1279,854,1
2220,855,1
2011,856,1
1731,856,1
1698,856,1
2237,856,1
1497,856,1
1290,856,1
2166,856,1
1844,857,1
340,858,1
1573,858,1
1918,858,1
23,858,1
1982,858,1
111,858,1
690,858,1
664,858,1
325,858,1
126,858,1
1068,858,1
841,859,1
629,859,1
1296,860,1
88,860,1
2279,860,1
2377,860,1
1271,860,1
1604,860,1
419,860,1
360,860,1
2381,860,1
1963,860,1
2159,860,1
489,860,1
2190,860,1
2195,860,1
1734,860,1
246,860,1
2244,860,1
1483,860,1
1881,860,1
1492,860,1
308,860,1
419,861,1
531,861,1
1425,861,1
2239,861,1
1605,861,1
108,861,1
1311,862,1
1714,862,1
448,862,1
717,862,1
1818,862,1
1767,863,1
490,864,1
630,864,1
1015,865,1
533,865,1
1937,865,1
1628,865,1
2031,865,1
816,865,1
1404,865,1
2035,865,1
1872,865,1
714,865,1
2348,865,1
1562,865,1
1419,865,1
663,865,1
1421,865,1
894,865,1
1985,865,1
1081,865,1
345,865,1
704,865,1
465,865,1
1148,865,1
779,865,1
893,865,1
314,865,1
2351,865,1
861,865,1
2293,865,1
1259,865,1
1128,866,1
1061,866,1
1321,866,1
192,866,1
1555,866,1
520,866,1
848,866,1
2077,866,1
794,867,1
774,867,1
2220,867,1
251,868,1
357,868,1
531,868,1
204,869,1
1053,869,1
1341,869,1
1767,869,1
58,869,1
2304,869,1
2338,869,1
684,869,1
1624,869,1
8,869,1
2426,870,1
931,871,1
1296,871,1
135,871,1
1084,872,1
1929,872,1
1312,872,1
957,872,1
165,872,1
254,872,1
1854,872,1
1421,872,1
732,872,1
573,872,1
1383,872,1
1673,872,1
138,872,1
989,872,1
2103,872,1
1075,872,1
160,872,1
572,872,1
2387,872,1
961,872,1
489,872,1
1952,872,1
1296,873,1
618,874,1
2159,874,1
1650,875,1
370,875,1
2243,875,1
2085,875,1
889,875,1
1844,875,1
579,875,1
1579,875,1
2077,875,1
582,876,1
1985,876,1
2212,876,1
294,876,1
1911,876,1
357,877,1
1836,877,1
1906,877,1
1291,877,1
536,877,1
127,878,1
1127,878,1
1379,878,1
319,879,1
752,879,1
415,880,1
1783,880,1
559,880,1
729,880,1
2168,880,1
477,880,1
837,880,1
2118,880,1
1692,880,1
1319,880,1
2058,880,1
929,880,1
1919,880,1
1795,880,1
109,880,1
480,880,1
2088,880,1
462,880,1
1512,880,1
1872,880,1
1593,880,1
55,880,1
1902,880,1
658,880,1
1053,880,1
627,880,1
1725,880,1
509,880,1
1421,880,1
1074,880,1
1460,880,1
957,880,1
2224,880,1
785,880,1
1001,880,1
623,880,1
920,880,1
1787,880,1
111,880,1
1559,880,1
1636,880,1
1134,880,1
835,880,1
1010,880,1
2028,880,1
2075,880,1
1960,880,1
2382,880,1
547,880,1
880,880,1
2090,880,1
1483,880,1
489,880,1
1023,880,1
1644,880,1
815,880,1
1457,880,1
175,880,1
98,880,1
1567,880,1
1721,880,1
692,880,1
1219,880,1
565,880,1
1535,880,1
2299,880,1
2152,880,1
195,880,1
33,880,1
244,880,1
1891,880,1
2379,880,1
892,881,1
729,881,1
2331,881,1
1900,881,1
1919,881,1
1795,881,1
1412,881,1
1335,881,1
127,881,1
2249,881,1
1493,881,1
1563,881,1
864,881,1
1960,881,1
1644,881,1
1874,881,1
40,881,1
1001,881,1
2023,881,1
497,881,1
733,881,1
1142,881,1
1129,881,1
2424,882,1
533,882,1
1014,882,1
604,882,1
374,882,1
2410,882,1
1031,882,1
2231,882,1
700,882,1
833,882,1
1307,882,1
2227,882,1
2344,882,1
603,882,1
2361,882,1
1787,882,1
1061,883,1
1255,883,1
1524,883,1
303,883,1
2040,883,1
1084,883,1
2085,883,1
1440,883,1
1483,883,1
805,883,1
279,883,1
629,884,1
1707,884,1
2271,884,1
1061,884,1
1516,884,1
413,884,1
1781,885,1
2011,885,1
981,885,1
88,885,1
1335,885,1
856,885,1
1800,885,1
2369,885,1
1604,885,1
1275,885,1
1867,885,1
2159,885,1
2148,885,1
2266,885,1
171,885,1
2382,885,1
2322,885,1
2065,885,1
181,885,1
2244,885,1
1395,885,1
1826,885,1
1881,885,1
1114,885,1
774,886,1
415,886,1
454,886,1
984,886,1
2168,886,1
729,886,1
1319,886,1
1211,886,1
920,886,1
477,886,1
1229,886,1
2279,886,1
1292,886,1
1135,886,1
2047,886,1
185,886,1
794,886,1
929,886,1
425,886,1
808,886,1
2327,886,1
1919,886,1
1250,886,1
2101,886,1
2386,886,1
2034,886,1
480,886,1
109,886,1
509,886,1
1126,886,1
2184,886,1
1512,886,1
1872,886,1
906,886,1
2252,886,1
642,886,1
1084,886,1
1053,886,1
1617,886,1
341,886,1
1303,886,1
1196,886,1
797,886,1
571,886,1
1519,886,1
1421,886,1
1460,886,1
1985,886,1
2085,886,1
957,886,1
1476,886,1
11,886,1
127,886,1
51,886,1
203,886,1
1636,886,1
332,886,1
2347,886,1
785,886,1
237,886,1
363,886,1
821,886,1
1970,886,1
1787,886,1
111,886,1
150,886,1
1678,886,1
900,886,1
835,886,1
318,886,1
569,886,1
1541,886,1
2148,886,1
714,886,1
2267,886,1
1049,886,1
2094,886,1
1815,886,1
311,886,1
189,886,1
448,886,1
2266,886,1
1874,886,1
1960,886,1
1646,886,1
2378,886,1
1657,886,1
1383,886,1
880,886,1
244,886,1
655,886,1
722,886,1
2027,886,1
1644,886,1
106,886,1
1847,886,1
815,886,1
1001,886,1
489,886,1
1440,886,1
544,886,1
98,886,1
1075,886,1
297,886,1
2250,886,1
1886,886,1
1773,886,1
2017,886,1
1935,886,1
565,886,1
1184,886,1
1010,886,1
2284,886,1
1209,886,1
1304,887,1
2165,888,1
2417,888,1
389,888,1
376,888,1
1409,888,1
1844,888,1
107,888,1
1844,889,1
221,889,1
536,889,1
1030,890,1
752,890,1
389,891,1
1846,891,1
1329,892,1
1351,892,1
9,892,1
2237,892,1
1767,892,1
1128,893,1
2375,893,1
1071,894,1
276,894,1
1568,895,1
1038,895,1
97,895,1
1256,895,1
1841,895,1
729,895,1
496,895,1
1659,895,1
2180,895,1
924,895,1
794,895,1
216,895,1
1560,895,1
2374,895,1
1787,895,1
1966,895,1
547,895,1
2324,895,1
1053,895,1
658,895,1
957,895,1
659,895,1
785,895,1
1022,895,1
1767,895,1
967,895,1
2075,895,1
1874,895,1
2378,895,1
1001,895,1
2249,895,1
2023,895,1
714,895,1
1045,895,1
1715,895,1
484,895,1
511,895,1
2422,895,1
702,895,1
536,895,1
499,895,1
1184,895,1
2087,895,1
1249,895,1
862,895,1
1465,895,1
1323,895,1
1193,895,1
2130,895,1
50,896,1
1844,896,1
801,896,1
1104,897,1
2220,897,1
1771,897,1
758,897,1
321,897,1
1952,897,1
2220,898,1
1061,899,1
1388,899,1
1059,899,1
1844,899,1
1924,899,1
910,899,1
970,899,1
1790,899,1
153,899,1
1722,899,1
149,899,1
801,899,1
214,900,1
1463,901,1
1997,901,1
1857,902,1
1714,902,1
1438,902,1
230,902,1
614,903,1
155,903,1
2264,904,1
770,905,1
796,905,1
574,905,1
1071,906,1
841,906,1
959,906,1
103,906,1
908,906,1
1960,906,1
2018,906,1
1545,906,1
226,906,1
712,906,1
1844,906,1
815,906,1
2141,906,1
2233,906,1
699,906,1
556,906,1
2409,906,1
435,906,1
2183,906,1
719,906,1
2019,906,1
449,906,1
2175,907,1
774,908,1
389,908,1
794,908,1
2013,908,1
892,909,1
1689,909,1
979,909,1
196,909,1
237,909,1
2033,909,1
2123,909,1
2091,909,1
1818,909,1
1071,910,1
429,911,1
2221,911,1
1521,911,1
2134,911,1
127,911,1
2153,911,1
1235,911,1
448,911,1
213,911,1
407,912,1
830,912,1
512,912,1
773,912,1
357,912,1
301,912,1
1587,912,1
551,912,1
461,912,1
1332,912,1
81,913,1
804,914,1
507,914,1
2100,914,1
2166,914,1
499,914,1
1277,914,1
734,914,1
92,915,1
2165,915,1
2220,915,1
17,916,1
127,916,1
496,916,1
787,916,1
1787,916,1
154,916,1
675,916,1
993,916,1
813,916,1
805,916,1
1104,917,1
830,917,1
898,917,1
267,917,1
668,917,1
599,917,1
321,917,1
715,917,1
1587,917,1
554,917,1
259,917,1
2334,918,1
179,918,1
1523,918,1
501,918,1
785,918,1
2340,918,1
130,918,1
2192,918,1
1214,918,1
533,919,1
477,919,1
1741,919,1
879,919,1
253,919,1
2062,919,1
2058,919,1
1800,919,1
419,919,1
1712,919,1
1196,919,1
430,919,1
1871,919,1
1725,919,1
2249,919,1
1747,919,1
2117,919,1
821,919,1
229,919,1
2075,919,1
1960,919,1
1874,919,1
714,919,1
1001,919,1
636,919,1
1379,919,1
1567,919,1
1265,919,1
2406,919,1
1249,919,1
33,919,1
1400,919,1
1827,919,1
706,920,1
1626,920,1
303,921,1
892,921,1
186,921,1
958,921,1
776,921,1
227,921,1
1053,921,1
439,921,1
322,921,1
998,922,1
696,922,1
1117,922,1
293,922,1
2025,922,1
1166,922,1
1303,922,1
1689,922,1
593,922,1
95,922,1
1397,922,1
1809,922,1
1883,922,1
850,922,1
291,922,1
435,922,1
2010,922,1
2091,922,1
1157,922,1
390,922,1
1818,922,1
257,922,1
81,923,1
1738,923,1
1604,923,1
2159,923,1
2148,923,1
1446,923,1
846,923,1
133,924,1
796,924,1
521,924,1
2255,924,1
2418,924,1
1105,924,1
1844,924,1
520,924,1
1090,924,1
1408,924,1
2171,924,1
2410,925,1
226,925,1
357,925,1
2036,925,1
704,925,1
1589,925,1
977,926,1
804,926,1
507,926,1
2166,926,1
435,926,1
2205,926,1
863,927,1
312,927,1
2265,927,1
2061,927,1
864,927,1
1291,927,1
619,927,1
629,928,1
2146,928,1
135,928,1
1061,928,1
370,928,1
200,928,1
1128,928,1
1787,928,1
81,929,1
1879,929,1
1844,929,1
1764,930,1
283,930,1
1014,930,1
981,930,1
81,930,1
88,930,1
135,930,1
343,930,1
1262,930,1
1333,930,1
250,931,1
2383,931,1
201,931,1
2085,931,1
105,931,1
2166,931,1
1583,931,1
1856,932,1
1015,933,1
2012,933,1
1781,933,1
1853,933,1
2168,933,1
729,933,1
1919,933,1
127,933,1
2075,933,1
1844,933,1
1960,933,1
815,933,1
2354,933,1
1457,933,1
2349,934,1
187,934,1
1104,934,1
1261,934,1
1979,934,1
1470,934,1
1844,935,1
841,935,1
364,935,1
155,935,1
1960,935,1
1545,935,1
889,935,1
810,935,1
699,935,1
556,935,1
1977,935,1
283,936,1
723,936,1
2040,936,1
186,936,1
127,936,1
2036,936,1
1844,936,1
1111,937,1
2062,937,1
2352,937,1
1088,937,1
1053,937,1
95,937,1
1974,937,1
2414,937,1
2036,937,1
814,937,1
880,937,1
1502,937,1
840,937,1
1446,937,1
950,937,1
1113,937,1
1028,937,1
1926,937,1
2170,937,1
779,937,1
1332,937,1
734,937,1
419,938,1
2162,938,1
293,938,1
567,938,1
2288,938,1
324,938,1
2134,938,1
2324,938,1
817,938,1
341,938,1
989,938,1
588,938,1
490,938,1
1484,938,1
760,938,1
1846,938,1
619,938,1
2409,938,1
754,938,1
1952,938,1
184,938,1
1816,939,1
2146,939,1
2040,939,1
2009,939,1
1867,940,1
1446,940,1
1464,940,1
2361,941,1
1000,941,1
1769,942,1
23,942,1
804,942,1
993,942,1
920,943,1
1037,943,1
977,943,1
1384,943,1
1515,943,1
763,943,1
555,943,1
667,943,1
1923,943,1
2214,943,1
654,943,1
1325,943,1
1243,943,1
376,943,1
1588,943,1
521,943,1
1890,943,1
1838,943,1
1299,943,1
324,943,1
1155,943,1
1003,943,1
2365,943,1
752,943,1
1837,943,1
2196,943,1
1940,943,1
668,943,1
2417,943,1
64,943,1
1677,943,1
414,943,1
2085,943,1
107,943,1
2175,943,1
1985,943,1
1276,943,1
1502,943,1
1074,943,1
1377,943,1
1867,943,1
1395,943,1
1911,943,1
1011,943,1
174,943,1
265,943,1
100,943,1
1655,943,1
2067,943,1
848,943,1
724,943,1
1297,943,1
610,944,1
341,944,1
957,944,1
2382,944,1
311,944,1
1867,944,1
2284,944,1
495,945,1
2036,945,1
1074,945,1
696,945,1
625,945,1
1637,945,1
1776,945,1
1314,945,1
1695,945,1
865,945,1
194,945,1
91,945,1
2196,945,1
774,946,1
470,946,1
429,947,1
2221,947,1
1829,947,1
2323,947,1
2330,947,1
1379,947,1
1845,947,1
2134,947,1
2290,947,1
264,948,1
425,948,1
1919,948,1
1747,948,1
1644,948,1
1001,948,1
1847,948,1
274,948,1
589,948,1
1010,948,1
1631,948,1
2049,948,1
2220,949,1
415,950,1
1568,950,1
1937,950,1
629,950,1
729,950,1
2168,950,1
837,950,1
164,950,1
794,950,1
929,950,1
1919,950,1
1795,950,1
957,950,1
480,950,1
1712,950,1
593,950,1
140,950,1
600,950,1
785,950,1
1719,950,1
237,950,1
1081,950,1
732,950,1
229,950,1
1767,950,1
864,950,1
2218,950,1
1247,950,1
569,950,1
1960,950,1
493,950,1
2148,950,1
2166,950,1
2075,950,1
448,950,1
40,950,1
287,950,1
554,950,1
1001,950,1
1644,950,1
1094,950,1
1457,950,1
1075,950,1
1053,950,1
1550,950,1
2282,950,1
1527,950,1
2065,950,1
1033,950,1
2087,950,1
1450,950,1
1468,950,1
1542,950,1
2130,950,1
1515,950,1
1198,950,1
2049,950,1
714,951,1
1379,951,1
1844,951,1
1767,951,1
1725,951,1
372,951,1
2220,952,1
1296,952,1
303,952,1
2322,952,1
1471,952,1
2369,952,1
494,952,1
1512,952,1
1867,952,1
2159,952,1
1446,952,1
1725,953,1
917,954,1
1359,954,1
507,954,1
2369,954,1
2377,954,1
2361,954,1
1963,954,1
1492,954,1
2159,954,1
78,954,1
1446,954,1
1403,954,1
1498,954,1
617,954,1
1350,954,1
846,954,1
1483,954,1
1844,955,1
1281,955,1
1960,955,1
1128,955,1
39,955,1
280,955,1
435,955,1
869,955,1
774,956,1
2294,956,1
302,956,1
1084,956,1
1919,956,1
2239,956,1
1435,956,1
714,956,1
1247,956,1
448,956,1
815,956,1
1847,956,1
1074,956,1
1721,956,1
1886,956,1
244,956,1
317,956,1
55,956,1
1010,956,1
233,956,1
1796,956,1
1234,956,1
1844,957,1
1308,958,1
436,959,1
2410,959,1
1695,959,1
965,960,1
2310,960,1
667,961,1
654,961,1
2062,961,1
324,961,1
2201,961,1
1653,961,1
2085,961,1
529,961,1
1867,961,1
1136,961,1
1961,961,1
1835,961,1
102,962,1
2011,962,1
1127,962,1
1379,962,1
201,962,1
898,962,1
2292,962,1
2190,962,1
1892,963,1
1061,964,1
65,964,1
1202,964,1
870,964,1
1407,964,1
1653,964,1
1027,964,1
1992,964,1
1737,965,1
201,965,1
718,965,1
2292,965,1
2048,965,1
2011,966,1
1469,966,1
540,966,1
2033,966,1
533,967,1
533,968,1
752,968,1
1084,969,1
618,969,1
2159,969,1
1421,970,1
481,970,1
276,971,1
1698,971,1
819,971,1
448,971,1
2166,971,1
8,971,1
184,971,1
1359,972,1
1071,973,1
841,973,1
1444,973,1
1597,973,1
582,973,1
1281,973,1
960,973,1
1960,973,1
2243,973,1
1545,973,1
2246,973,1
945,973,1
1471,973,1
358,973,1
2018,973,1
489,973,1
2141,973,1
1977,973,1
90,973,1
2189,973,1
889,973,1
435,973,1
365,973,1
1791,973,1
357,974,1
389,974,1
1844,974,1
2409,974,1
1104,975,1
23,975,1
267,975,1
1784,975,1
1272,976,1
447,976,1
1699,976,1
1211,976,1
84,976,1
512,976,1
2305,976,1
219,976,1
1407,976,1
2085,976,1
485,976,1
1581,976,1
2002,976,1
2266,976,1
469,976,1
1278,976,1
2175,976,1
1242,976,1
2089,976,1
1080,976,1
2389,976,1
544,976,1
261,976,1
450,976,1
1323,976,1
1326,977,1
629,977,1
2085,977,1
300,977,1
968,978,1
1053,979,1
407,980,1
434,980,1
1472,980,1
1919,980,1
127,980,1
1558,980,1
447,980,1
864,980,1
489,980,1
1537,980,1
714,980,1
1935,980,1
1644,980,1
1960,980,1
1435,980,1
1001,980,1
1094,980,1
1010,980,1
1721,980,1
2282,980,1
244,980,1
1648,980,1
2379,980,1
737,980,1
547,981,1
1602,981,1
1084,981,1
2369,981,1
2159,981,1
70,981,1
1446,981,1
1075,981,1
1906,981,1
1941,981,1
1952,981,1
419,982,1
2416,982,1
88,982,1
2377,982,1
2369,982,1
588,982,1
2357,982,1
1658,982,1
1026,982,1
2159,982,1
1446,982,1
2190,982,1
619,982,1
181,982,1
1497,982,1
1941,982,1
1933,983,1
1844,983,1
521,983,1
794,983,1
2125,983,1
324,983,1
1909,983,1
1415,983,1
433,983,1
1196,983,1
2397,983,1
2108,983,1
1688,983,1
1203,983,1
469,983,1
1984,983,1
826,983,1
1860,983,1
149,983,1
522,983,1
1880,983,1
1904,983,1
577,983,1
2207,983,1
257,983,1
1844,984,1
1021,984,1
801,984,1
618,985,1
2159,985,1
1015,986,1
458,986,1
1443,986,1
1014,986,1
303,986,1
192,986,1
1142,986,1
1707,986,1
1587,986,1
1849,986,1
1154,986,1
1729,986,1
120,986,1
127,986,1
1008,986,1
524,986,1
1954,986,1
681,986,1
2178,986,1
863,986,1
2142,986,1
1867,986,1
2253,986,1
1724,986,1
1028,986,1
1971,986,1
279,986,1
1332,986,1
458,987,1
977,987,1
303,987,1
738,987,1
2099,987,1
2075,987,1
986,987,1
89,987,1
1521,987,1
301,987,1
957,987,1
785,987,1
428,987,1
1084,987,1
226,987,1
1966,987,1
2220,988,1
1067,988,1
2038,989,1
1892,989,1
1117,989,1
1393,989,1
1000,989,1
2112,989,1
370,990,1
2254,990,1
1521,990,1
2185,990,1
686,990,1
1787,990,1
851,990,1
2107,990,1
1738,991,1
127,991,1
2075,991,1
1506,991,1
1247,991,1
278,991,1
964,991,1
1353,991,1
1823,991,1
317,991,1
1623,991,1
247,992,1
374,992,1
227,992,1
1533,992,1
2424,992,1
1084,992,1
1142,992,1
1521,992,1
1472,992,1
989,992,1
1199,992,1
1784,992,1
368,992,1
395,992,1
127,992,1
226,992,1
1522,992,1
1820,992,1
1643,992,1
1755,992,1
2241,992,1
1954,992,1
1242,992,1
978,992,1
936,992,1
1432,992,1
73,992,1
1075,992,1
1550,992,1
1880,992,1
2052,992,1
245,992,1
100,992,1
717,992,1
1542,992,1
946,993,1
1128,993,1
20,993,1
1084,993,1
2077,993,1
2011,994,1
1071,995,1
1433,995,1
1128,995,1
2328,995,1
2166,995,1
2230,995,1
810,995,1
661,996,1
2089,996,1
1627,996,1
1888,996,1
938,996,1
1325,996,1
1293,996,1
167,996,1
2271,996,1
436,996,1
736,996,1
1261,997,1
1104,997,1
1580,997,1
923,997,1
668,997,1
341,997,1
2155,997,1
1015,998,1
1038,998,1
2009,998,1
1053,999,1
2065,999,1
1822,999,1
1784,999,1
2085,999,1
127,999,1
1836,999,1
559,1000,1
1296,1000,1
87,1000,1
2113,1000,1
1082,1000,1
2333,1000,1
1684,1000,1
1767,1000,1
2383,1000,1
1658,1000,1
253,1000,1
615,1000,1
448,1000,1
87,1001,1
2064,1002,1
2012,1003,1
2220,1003,1
1311,1003,1
2038,1003,1
2035,1003,1
1953,1003,1
1300,1003,1
95,1003,1
814,1003,1
933,1003,1
1113,1003,1
2353,1003,1
1977,1003,1
1872,1003,1
893,1003,1
2162,1004,1
2220,1004,1
1844,1004,1
1684,1004,1
2261,1004,1
340,1004,1
554,1004,1
65,1005,1
226,1005,1
1783,1005,1
127,1005,1
1844,1005,1
1483,1005,1
322,1005,1
629,1006,1
1101,1006,1
2424,1006,1
1903,1006,1
411,1006,1
540,1006,1
1792,1006,1
920,1006,1
420,1006,1
2178,1006,1
185,1006,1
840,1006,1
2170,1006,1
230,1006,1
2000,1006,1
1291,1006,1
1075,1006,1
649,1006,1
680,1007,1
173,1008,1
127,1008,1
208,1008,1
1053,1008,1
718,1008,1
401,1008,1
417,1008,1
2246,1008,1
460,1008,1
2323,1008,1
2134,1008,1
634,1008,1
1583,1008,1
2000,1008,1
2100,1009,1
569,1010,1
629,1011,1
2393,1011,1
1255,1012,1
1074,1012,1
1844,1012,1
421,1012,1
2274,1013,1
235,1013,1
843,1013,1
777,1013,1
249,1013,1
803,1013,1
1062,1013,1
328,1013,1
521,1013,1
582,1013,1
1987,1013,1
794,1013,1
2261,1013,1
1250,1013,1
883,1013,1
1653,1013,1
2223,1013,1
1985,1013,1
1961,1013,1
2162,1014,1
1923,1014,1
2424,1014,1
1867,1014,1
1649,1014,1
649,1014,1
2220,1015,1
774,1015,1
2294,1015,1
2168,1015,1
1496,1015,1
302,1015,1
1919,1015,1
1366,1015,1
1534,1015,1
957,1015,1
1678,1015,1
363,1015,1
1081,1015,1
1960,1015,1
569,1015,1
1506,1015,1
2239,1015,1
2263,1015,1
1644,1015,1
1288,1015,1
278,1015,1
1886,1015,1
1320,1015,1
1773,1015,1
2295,1015,1
1353,1015,1
1721,1015,1
1865,1015,1
2067,1015,1
195,1015,1
33,1015,1
2152,1015,1
1074,1015,1
2005,1015,1
491,1016,1
389,1016,1
437,1016,1
68,1016,1
1622,1017,1
357,1017,1
441,1017,1
1105,1017,1
187,1017,1
1033,1017,1
1825,1018,1
1836,1019,1
1755,1019,1
222,1020,1
2159,1020,1
303,1021,1
1558,1021,1
477,1021,1
729,1021,1
1211,1021,1
2343,1021,1
1319,1021,1
565,1021,1
1919,1021,1
2386,1021,1
1795,1021,1
714,1021,1
1091,1021,1
2249,1021,1
1421,1021,1
140,1021,1
600,1021,1
127,1021,1
657,1021,1
785,1021,1
864,1021,1
229,1021,1
569,1021,1
1506,1021,1
815,1021,1
489,1021,1
1001,1021,1
2379,1021,1
1010,1021,1
2222,1021,1
1721,1021,1
1886,1021,1
244,1021,1
2184,1021,1
745,1021,1
1465,1021,1
1114,1021,1
1325,1022,1
2418,1022,1
1849,1022,1
1523,1023,1
1061,1023,1
370,1023,1
300,1023,1
1341,1023,1
202,1023,1
2085,1023,1
982,1023,1
2212,1023,1
547,1023,1
1787,1023,1
127,1024,1
892,1024,1
1379,1024,1
357,1024,1
1846,1024,1
1755,1024,1
1542,1024,1
2165,1025,1
2220,1025,1
1786,1025,1
1875,1025,1
1333,1025,1
2317,1025,1
10,1026,1
454,1026,1
2011,1026,1
667,1026,1
984,1026,1
2332,1026,1
1128,1026,1
1985,1026,1
1531,1026,1
324,1026,1
2223,1026,1
1003,1026,1
1268,1026,1
2408,1026,1
1653,1026,1
1532,1027,1
777,1028,1
1822,1028,1
945,1028,1
800,1028,1
127,1028,1
1716,1028,1
1836,1028,1
805,1028,1
1629,1029,1
1927,1029,1
1387,1029,1
1524,1030,1
1483,1030,1
1223,1031,1
2277,1032,1
1071,1032,1
841,1032,1
2217,1032,1
2093,1033,1
192,1033,1
2106,1033,1
2035,1033,1
1999,1033,1
1587,1033,1
127,1033,1
2085,1033,1
1591,1033,1
689,1033,1
252,1033,1
1125,1033,1
196,1034,1
1413,1034,1
2349,1034,1
816,1034,1
187,1034,1
135,1035,1
1615,1035,1
1576,1035,1
2361,1035,1
700,1035,1
2159,1035,1
1512,1036,1
2338,1036,1
610,1037,1
1844,1038,1
269,1038,1
2061,1038,1
648,1038,1
1109,1038,1
774,1039,1
1319,1039,1
1725,1039,1
1861,1039,1
2354,1039,1
1646,1039,1
574,1039,1
2282,1039,1
1796,1039,1
2426,1039,1
490,1040,1
630,1040,1
6,1041,1
2289,1041,1
419,1041,1
303,1041,1
2220,1041,1
1074,1041,1
1771,1041,1
1053,1041,1
989,1041,1
794,1041,1
1564,1041,1
714,1041,1
1971,1041,1
1001,1041,1
2284,1041,1
2286,1041,1
1846,1041,1
835,1041,1
648,1041,1
619,1041,1
1954,1041,1
920,1041,1
2409,1041,1
2190,1041,1
1067,1041,1
898,1041,1
1952,1041,1
1844,1042,1
1061,1042,1
1387,1042,1
1412,1042,1
169,1042,1
2134,1042,1
1736,1042,1
127,1042,1
72,1042,1
2043,1042,1
1540,1042,1
331,1042,1
701,1042,1
1722,1042,1
419,1042,1
1071,1043,1
1422,1043,1
1128,1043,1
1844,1043,1
1071,1044,1
30,1044,1
582,1044,1
1545,1044,1
1128,1044,1
1377,1044,1
1977,1044,1
1471,1045,1
1084,1045,1
1919,1045,1
2168,1045,1
729,1045,1
957,1045,1
302,1045,1
2118,1045,1
400,1045,1
1142,1045,1
2047,1045,1
1319,1045,1
1580,1045,1
2058,1045,1
794,1045,1
541,1045,1
383,1045,1
509,1045,1
1615,1045,1
2184,1045,1
2343,1045,1
1854,1045,1
642,1045,1
1466,1045,1
341,1045,1
1053,1045,1
797,1045,1
627,1045,1
1246,1045,1
1460,1045,1
2075,1045,1
1787,1045,1
1019,1045,1
111,1045,1
1946,1045,1
864,1045,1
2148,1045,1
382,1045,1
569,1045,1
565,1045,1
2266,1045,1
1960,1045,1
939,1045,1
1874,1045,1
547,1045,1
524,1045,1
1464,1045,1
815,1045,1
714,1045,1
489,1045,1
1001,1045,1
195,1045,1
1220,1045,1
1010,1045,1
699,1045,1
1457,1045,1
544,1045,1
647,1045,1
1721,1045,1
1886,1045,1
1075,1045,1
2282,1045,1
914,1045,1
1752,1045,1
1234,1045,1
1786,1046,1
957,1046,1
545,1046,1
376,1046,1
892,1047,1
346,1047,1
1725,1047,1
1074,1047,1
897,1048,1
1421,1048,1
1071,1048,1
841,1048,1
611,1048,1
1964,1048,1
1167,1048,1
908,1048,1
1909,1048,1
1960,1048,1
800,1048,1
2223,1048,1
367,1048,1
1448,1048,1
2018,1048,1
660,1048,1
37,1048,1
2057,1048,1
714,1048,1
1716,1048,1
2260,1048,1
2166,1048,1
1844,1048,1
227,1048,1
2230,1048,1
1377,1048,1
1565,1048,1
1210,1048,1
699,1048,1
544,1048,1
365,1048,1
1992,1048,1
435,1048,1
2282,1048,1
1514,1048,1
174,1048,1
2091,1049,1
2344,1049,1
1844,1050,1
1050,1050,1
841,1050,1
235,1050,1
1471,1050,1
1401,1051,1
303,1052,1
2312,1052,1
69,1052,1
108,1053,1
1777,1053,1
1074,1054,1
2313,1054,1
1782,1054,1
610,1054,1
865,1054,1
47,1054,1
1844,1054,1
1695,1054,1
2036,1054,1
2299,1054,1
252,1054,1
2409,1054,1
2273,1054,1
340,1055,1
2236,1055,1
979,1055,1
1800,1055,1
2344,1055,1
2296,1055,1
1068,1055,1
2361,1056,1
410,1056,1
709,1056,1
819,1056,1
2280,1056,1
1291,1056,1
245,1056,1
591,1056,1
1136,1056,1
536,1056,1
1671,1057,1
1695,1057,1
2057,1057,1
133,1058,1
92,1058,1
770,1058,1
2255,1058,1
1849,1058,1
872,1058,1
1089,1058,1
377,1058,1
25,1058,1
1196,1058,1
2196,1058,1
201,1058,1
1607,1058,1
1600,1058,1
127,1058,1
1985,1058,1
1408,1058,1
574,1058,1
2292,1058,1
1613,1058,1
340,1058,1
1076,1058,1
1114,1058,1
2044,1058,1
1338,1058,1
1518,1058,1
992,1058,1
707,1059,1
775,1059,1
2285,1059,1
1170,1059,1
958,1059,1
1720,1059,1
1938,1059,1
1657,1059,1
1579,1059,1
107,1059,1
1664,1059,1
445,1059,1
2409,1059,1
341,1060,1
2100,1061,1
1786,1062,1
111,1062,1
2075,1062,1
1748,1062,1
1261,1063,1
1104,1063,1
1933,1064,1
1116,1064,1
97,1064,1
1380,1064,1
533,1064,1
739,1064,1
387,1064,1
220,1064,1
2088,1064,1
495,1064,1
935,1064,1
843,1064,1
2168,1064,1
1496,1064,1
526,1064,1
729,1064,1
264,1064,1
2062,1064,1
477,1064,1
1211,1064,1
2047,1064,1
794,1064,1
2056,1064,1
1919,1064,1
2327,1064,1
2272,1064,1
804,1064,1
1795,1064,1
2101,1064,1
480,1064,1
109,1064,1
2377,1064,1
1268,1064,1
1968,1064,1
749,1064,1
1872,1064,1
1301,1064,1
1609,1064,1
710,1064,1
2290,1064,1
906,1064,1
2294,1064,1
941,1064,1
1213,1064,1
2099,1064,1
1394,1064,1
23,1064,1
1390,1064,1
698,1064,1
1725,1064,1
1196,1064,1
785,1064,1
1886,1064,1
593,1064,1
494,1064,1
1452,1064,1
797,1064,1
1914,1064,1
1800,1064,1
2063,1064,1
94,1064,1
1107,1064,1
1558,1064,1
1871,1064,1
1534,1064,1
219,1064,1
828,1064,1
140,1064,1
1582,1064,1
1985,1064,1
1898,1064,1
659,1064,1
101,1064,1
1154,1064,1
1062,1064,1
127,1064,1
1961,1064,1
230,1064,1
1812,1064,1
1460,1064,1
962,1064,1
1421,1064,1
332,1064,1
203,1064,1
876,1064,1
687,1064,1
1112,1064,1
229,1064,1
2343,1064,1
503,1064,1
85,1064,1
513,1064,1
839,1064,1
1123,1064,1
1563,1064,1
150,1064,1
990,1064,1
2097,1064,1
2218,1064,1
1392,1064,1
864,1064,1
206,1064,1
600,1064,1
1427,1064,1
49,1064,1
218,1064,1
2323,1064,1
1793,1064,1
2051,1064,1
1767,1064,1
341,1064,1
2094,1064,1
1706,1064,1
505,1064,1
448,1064,1
569,1064,1
2380,1064,1
1163,1064,1
2166,1064,1
1084,1064,1
716,1064,1
160,1064,1
1418,1064,1
1691,1064,1
655,1064,1
2239,1064,1
560,1064,1
2266,1064,1
1960,1064,1
570,1064,1
1561,1064,1
1328,1064,1
2075,1064,1
909,1064,1
1383,1064,1
2249,1064,1
746,1064,1
959,1064,1
1493,1064,1
516,1064,1
460,1064,1
2371,1064,1
1532,1064,1
970,1064,1
2273,1064,1
1589,1064,1
557,1064,1
1644,1064,1
1502,1064,1
2046,1064,1
2209,1064,1
2222,1064,1
815,1064,1
252,1064,1
61,1064,1
1542,1064,1
2145,1064,1
1761,1064,1
106,1064,1
1652,1064,1
1023,1064,1
177,1064,1
261,1064,1
1787,1064,1
67,1064,1
2276,1064,1
175,1064,1
1457,1064,1
1883,1064,1
544,1064,1
722,1064,1
672,1064,1
1357,1064,1
1971,1064,1
245,1064,1
571,1064,1
278,1064,1
1803,1064,1
1053,1064,1
2027,1064,1
334,1064,1
1498,1064,1
1153,1064,1
617,1064,1
2353,1064,1
727,1064,1
1353,1064,1
382,1064,1
1721,1064,1
2233,1064,1
1760,1064,1
1715,1064,1
572,1064,1
1370,1064,1
274,1064,1
287,1064,1
1190,1064,1
2017,1064,1
214,1064,1
298,1064,1
98,1064,1
714,1064,1
1001,1064,1
1972,1064,1
40,1064,1
71,1064,1
1220,1064,1
2069,1064,1
2119,1064,1
1063,1064,1
846,1064,1
565,1064,1
896,1064,1
1403,1064,1
2096,1064,1
719,1064,1
827,1064,1
845,1064,1
2237,1064,1
5,1064,1
139,1064,1
365,1064,1
266,1064,1
1947,1064,1
1228,1064,1
1280,1064,1
1219,1064,1
336,1064,1
1723,1064,1
46,1064,1
467,1064,1
1010,1064,1
393,1064,1
1492,1064,1
1074,1064,1
1288,1064,1
2005,1064,1
574,1064,1
489,1064,1
1355,1064,1
1665,1064,1
440,1064,1
766,1064,1
689,1064,1
474,1064,1
2280,1064,1
1570,1064,1
2311,1064,1
12,1064,1
1201,1064,1
740,1064,1
1671,1064,1
2309,1064,1
55,1064,1
1884,1064,1
1957,1064,1
126,1064,1
2268,1064,1
724,1064,1
914,1064,1
1818,1064,1
1904,1064,1
737,1064,1
257,1064,1
389,1065,1
1846,1065,1
194,1065,1
1825,1065,1
774,1066,1
829,1066,1
102,1066,1
116,1066,1
1384,1066,1
1131,1066,1
1799,1066,1
1231,1066,1
87,1066,1
1333,1066,1
836,1066,1
794,1066,1
2058,1066,1
813,1066,1
509,1066,1
2418,1066,1
1443,1066,1
2215,1066,1
1421,1066,1
1767,1066,1
2262,1066,1
2361,1066,1
1725,1066,1
166,1066,1
2075,1066,1
785,1066,1
85,1066,1
1112,1066,1
1671,1066,1
741,1066,1
2235,1066,1
493,1066,1
1646,1066,1
554,1066,1
574,1066,1
1319,1066,1
1959,1066,1
230,1066,1
1791,1066,1
2346,1066,1
420,1066,1
1265,1066,1
1465,1066,1
2426,1066,1
1125,1066,1
1082,1067,1
739,1067,1
276,1067,1
94,1067,1
273,1067,1
186,1067,1
2039,1067,1
512,1067,1
409,1067,1
346,1067,1
1013,1067,1
1152,1067,1
2294,1067,1
1103,1067,1
1725,1067,1
1313,1067,1
635,1067,1
471,1067,1
784,1067,1
419,1068,1
2220,1068,1
2083,1068,1
135,1068,1
507,1068,1
1677,1068,1
1046,1069,1
1071,1069,1
1128,1069,1
247,1070,1
1800,1070,1
1844,1070,1
2349,1071,1
374,1071,1
687,1071,1
1075,1071,1
707,1072,1
1593,1072,1
1299,1072,1
1923,1072,1
282,1073,1
490,1073,1
630,1073,1
2194,1073,1
69,1073,1
2349,1074,1
2075,1075,1
2317,1075,1
1836,1075,1
295,1075,1
2178,1075,1
1077,1075,1
1071,1076,1
1923,1076,1
1653,1076,1
1192,1076,1
127,1076,1
1844,1076,1
1087,1076,1
2289,1077,1
2220,1077,1
641,1077,1
1780,1077,1
892,1077,1
2376,1077,1
2134,1077,1
2108,1077,1
714,1077,1
2286,1077,1
648,1077,1
619,1077,1
1755,1077,1
898,1077,1
248,1077,1
1067,1077,1
1844,1077,1
2255,1078,1
1523,1078,1
1797,1078,1
1074,1078,1
127,1078,1
2312,1078,1
1594,1078,1
58,1078,1
154,1079,1
248,1079,1
1483,1079,1
445,1079,1
196,1080,1
2349,1080,1
2392,1080,1
1979,1080,1
1523,1081,1
370,1081,1
1341,1081,1
1053,1081,1
1787,1081,1
2146,1082,1
1359,1082,1
81,1082,1
1133,1083,1
1071,1084,1
2220,1085,1
306,1085,1
2040,1086,1
2191,1086,1
1105,1086,1
127,1086,1
2203,1086,1
1844,1086,1
268,1087,1
1629,1087,1
127,1088,1
1084,1088,1
196,1089,1
26,1089,1
1053,1089,1
777,1089,1
2065,1089,1
1892,1089,1
1784,1089,1
1879,1089,1
127,1089,1
2155,1089,1
1844,1089,1
939,1089,1
2172,1089,1
147,1089,1
805,1089,1
1125,1089,1
284,1090,1
186,1090,1
1467,1090,1
437,1090,1
1132,1091,1
1084,1091,1
1589,1091,1
324,1091,1
1165,1091,1
1835,1091,1
446,1091,1
1196,1091,1
356,1091,1
1843,1091,1
2100,1091,1
1421,1091,1
562,1091,1
1389,1091,1
560,1091,1
1396,1091,1
405,1091,1
1985,1091,1
1242,1091,1
920,1091,1
581,1091,1
1579,1091,1
1053,1091,1
2033,1091,1
2111,1091,1
1077,1091,1
1272,1092,1
2143,1092,1
1398,1092,1
1162,1092,1
1844,1092,1
1714,1092,1
808,1092,1
169,1092,1
1271,1092,1
1587,1092,1
752,1092,1
1695,1092,1
460,1092,1
2085,1092,1
485,1092,1
1010,1092,1
664,1092,1
1118,1092,1
1423,1092,1
973,1092,1
283,1092,1
1583,1092,1
447,1092,1
259,1092,1
822,1092,1
285,1092,1
1623,1092,1
1545,1093,1
1071,1093,1
344,1093,1
2166,1093,1
699,1093,1
556,1093,1
916,1093,1
2008,1093,1
143,1093,1
255,1093,1
1071,1094,1
1421,1095,1
527,1095,1
1311,1095,1
1444,1095,1
1384,1095,1
1084,1095,1
2261,1095,1
1053,1095,1
645,1095,1
694,1095,1
2324,1095,1
1435,1095,1
1767,1095,1
448,1095,1
1874,1095,1
1067,1095,1
1502,1095,1
1071,1096,1
1387,1096,1
2315,1097,1
1787,1097,1
1844,1097,1
419,1098,1
1682,1098,1
2203,1098,1
201,1098,1
679,1098,1
1867,1098,1
1579,1098,1
1075,1098,1
451,1099,1
1849,1099,1
521,1099,1
2231,1099,1
1372,1099,1
2232,1099,1
1600,1099,1
1632,1099,1
1784,1099,1
520,1099,1
1969,1099,1
2171,1099,1
2396,1099,1
1114,1099,1
2137,1100,1
135,1100,1
2239,1100,1
1731,1101,1
1351,1101,1
1698,1101,1
819,1101,1
448,1101,1
1767,1101,1
1124,1101,1
2100,1102,1
2085,1102,1
2166,1102,1
186,1103,1
2424,1103,1
1015,1104,1
2256,1104,1
1084,1104,1
1767,1104,1
1971,1104,1
1061,1105,1
341,1105,1
601,1105,1
848,1105,1
920,1106,1
2174,1106,1
2094,1106,1
97,1106,1
1413,1106,1
1680,1106,1
1863,1106,1
2220,1106,1
774,1106,1
2248,1106,1
220,1106,1
1133,1106,1
158,1106,1
2220,1107,1
1061,1108,1
2166,1109,1
1844,1110,1
2133,1110,1
269,1110,1
2011,1111,1
2220,1111,1
819,1111,1
1844,1111,1
376,1111,1
117,1111,1
1074,1112,1
629,1113,1
2146,1113,1
1923,1113,1
370,1113,1
1128,1113,1
1787,1113,1
707,1114,1
1101,1114,1
1533,1114,1
2424,1114,1
203,1114,1
108,1114,1
1105,1114,1
1792,1114,1
786,1114,1
540,1114,1
262,1114,1
230,1114,1
1318,1114,1
649,1114,1
1261,1115,1
1104,1115,1
729,1115,1
226,1115,1
1874,1115,1
903,1115,1
2155,1115,1
1868,1115,1
323,1116,1
1650,1116,1
103,1116,1
1698,1116,1
1192,1116,1
464,1116,1
127,1116,1
1844,1116,1
1139,1116,1
1931,1117,1
443,1117,1
1053,1117,1
1825,1117,1
1275,1117,1
2336,1117,1
2312,1117,1
2091,1117,1
1104,1118,1
267,1118,1
357,1118,1
599,1118,1
715,1118,1
1203,1118,1
2155,1118,1
758,1118,1
1868,1118,1
461,1118,1
1055,1118,1
1332,1118,1
1952,1118,1
629,1119,1
2264,1119,1
677,1119,1
1471,1119,1
2421,1120,1
1082,1121,1
477,1121,1
26,1121,1
2340,1121,1
578,1121,1
448,1121,1
2253,1121,1
983,1121,1
2349,1122,1
917,1123,1
677,1123,1
496,1123,1
1442,1123,1
37,1123,1
785,1123,1
1335,1123,1
1264,1123,1
135,1124,1
1232,1124,1
957,1124,1
2324,1124,1
165,1124,1
1300,1124,1
528,1124,1
658,1124,1
1173,1124,1
1421,1124,1
735,1124,1
732,1124,1
341,1124,1
573,1124,1
1383,1124,1
1424,1124,1
1673,1124,1
138,1124,1
2103,1124,1
1045,1124,1
744,1124,1
547,1124,1
1687,1124,1
1578,1124,1
2159,1124,1
961,1124,1
457,1124,1
572,1124,1
980,1124,1
2387,1124,1
489,1124,1
1604,1125,1
1844,1125,1
2159,1125,1
1446,1125,1
2190,1125,1
846,1125,1
1483,1125,1
135,1126,1
1734,1126,1
1604,1126,1
1867,1126,1
1063,1126,1
2159,1126,1
1446,1126,1
2100,1127,1
1298,1128,1
415,1128,1
533,1128,1
1319,1128,1
1919,1128,1
1784,1128,1
135,1128,1
1471,1128,1
1854,1128,1
2405,1128,1
1999,1128,1
1084,1128,1
2011,1129,1
370,1130,1
1787,1130,1
1108,1131,1
135,1131,1
1216,1131,1
2009,1131,1
38,1131,1
1844,1131,1
1157,1131,1
2344,1131,1
554,1131,1
1166,1131,1
1369,1131,1
241,1131,1
2329,1131,1
2091,1131,1
1844,1132,1
841,1132,1
1842,1132,1
1167,1132,1
176,1132,1
1087,1132,1
1861,1132,1
85,1132,1
714,1132,1
1377,1132,1
1253,1132,1
435,1132,1
556,1132,1
196,1133,1
2121,1133,1
2343,1133,1
273,1133,1
604,1133,1
1293,1133,1
1031,1133,1
2344,1133,1
2338,1133,1
1379,1133,1
1787,1133,1
917,1134,1
2221,1134,1
194,1134,1
718,1134,1
127,1134,1
1654,1134,1
401,1134,1
629,1135,1
1778,1135,1
168,1135,1
675,1135,1
1357,1135,1
1787,1135,1
2256,1136,1
777,1136,1
2062,1136,1
521,1136,1
1268,1136,1
2408,1136,1
357,1136,1
1434,1136,1
107,1136,1
1502,1136,1
784,1136,1
1364,1136,1
1273,1136,1
1343,1137,1
1261,1138,1
1104,1138,1
2040,1139,1
81,1140,1
2101,1140,1
1137,1141,1
521,1142,1
1083,1142,1
590,1142,1
1009,1142,1
235,1142,1
1384,1142,1
2011,1142,1
10,1142,1
2342,1142,1
843,1142,1
454,1142,1
667,1142,1
2332,1142,1
1325,1142,1
200,1142,1
1099,1142,1
1243,1142,1
376,1142,1
1588,1142,1
888,1142,1
328,1142,1
1598,1142,1
1063,1142,1
1440,1142,1
2384,1142,1
2338,1142,1
677,1142,1
1692,1142,1
1987,1142,1
2261,1142,1
324,1142,1
1155,1142,1
190,1142,1
168,1142,1
1449,1142,1
1250,1142,1
103,1142,1
1003,1142,1
902,1142,1
883,1142,1
1653,1142,1
752,1142,1
2290,1142,1
1670,1142,1
1117,1142,1
1837,1142,1
2196,1142,1
668,1142,1
988,1142,1
1545,1142,1
2417,1142,1
1284,1142,1
639,1142,1
64,1142,1
1373,1142,1
1276,1142,1
1677,1142,1
47,1142,1
1991,1142,1
2372,1142,1
127,1142,1
776,1142,1
1224,1142,1
2032,1142,1
414,1142,1
2166,1142,1
678,1142,1
2275,1142,1
2085,1142,1
1149,1142,1
107,1142,1
508,1142,1
1984,1142,1
1985,1142,1
2175,1142,1
1076,1142,1
1844,1142,1
2120,1142,1
1657,1142,1
2278,1142,1
1897,1142,1
1409,1142,1
1074,1142,1
153,1142,1
1377,1142,1
529,1142,1
1867,1142,1
1624,1142,1
1395,1142,1
272,1142,1
1592,1142,1
1011,1142,1
265,1142,1
2067,1142,1
848,1142,1
252,1142,1
1647,1142,1
672,1142,1
403,1142,1
1835,1142,1
1197,1142,1
1515,1142,1
2068,1142,1
1297,1142,1
2207,1142,1
1137,1143,1
1407,1144,1
1612,1144,1
507,1145,1
311,1145,1
1732,1145,1
105,1146,1
2393,1147,1
434,1147,1
1128,1148,1
1684,1148,1
2220,1148,1
1071,1149,1
1429,1150,1
1307,1150,1
4,1150,1
1647,1150,1
1104,1151,1
321,1151,1
2100,1152,1
415,1153,1
836,1153,1
2220,1153,1
158,1153,1
920,1153,1
1084,1153,1
1919,1153,1
127,1153,1
1303,1153,1
1844,1153,1
1965,1153,1
647,1153,1
297,1153,1
399,1153,1
167,1154,1
1398,1154,1
1698,1154,1
2134,1154,1
1128,1154,1
155,1154,1
1062,1154,1
1461,1154,1
540,1154,1
1021,1154,1
24,1154,1
1501,1154,1
1844,1155,1
1071,1155,1
810,1155,1
2189,1155,1
1084,1156,1
1844,1156,1
2237,1156,1
1009,1157,1
836,1157,1
1322,1157,1
2210,1157,1
1312,1157,1
2362,1157,1
1084,1157,1
2357,1157,1
957,1157,1
1929,1157,1
1421,1157,1
341,1157,1
573,1157,1
489,1157,1
1383,1157,1
71,1157,1
989,1157,1
744,1157,1
2103,1157,1
827,1157,1
547,1157,1
572,1157,1
980,1157,1
961,1157,1
2062,1158,1
2038,1158,1
303,1159,1
2040,1159,1
1985,1159,1
1726,1159,1
1216,1159,1
1171,1159,1
1879,1159,1
817,1159,1
1133,1159,1
2253,1159,1
227,1159,1
439,1159,1
1971,1159,1
1202,1160,1
1298,1160,1
1272,1160,1
549,1160,1
1962,1160,1
1398,1160,1
186,1160,1
775,1160,1
75,1160,1
2363,1160,1
2305,1160,1
1407,1160,1
2085,1160,1
2245,1160,1
229,1160,1
742,1160,1
1173,1160,1
1529,1160,1
986,1160,1
2266,1160,1
448,1160,1
973,1160,1
1278,1160,1
192,1160,1
266,1160,1
831,1160,1
1578,1160,1
909,1160,1
240,1160,1
1432,1160,1
2233,1160,1
2250,1160,1
2096,1160,1
2000,1160,1
12,1160,1
1098,1160,1
2382,1160,1
2358,1160,1
754,1160,1
1194,1160,1
450,1160,1
1724,1160,1
1024,1160,1
297,1160,1
1323,1160,1
1209,1160,1
1523,1161,1
1931,1161,1
1255,1161,1
2266,1161,1
2050,1161,1
1104,1162,1
2264,1163,1
79,1163,1
1739,1163,1
1745,1163,1
2142,1163,1
1994,1163,1
1911,1163,1
92,1164,1
2421,1164,1
876,1165,1
774,1166,1
415,1166,1
1690,1166,1
1256,1166,1
825,1166,1
477,1166,1
585,1166,1
45,1166,1
2383,1166,1
1800,1166,1
1128,1166,1
1341,1167,1
37,1167,1
629,1167,1
1787,1167,1
1626,1168,1
1311,1168,1
1311,1169,1
931,1169,1
2011,1169,1
2333,1169,1
1211,1169,1
1684,1169,1
929,1169,1
1795,1169,1
1496,1169,1
785,1169,1
2196,1169,1
229,1169,1
714,1169,1
569,1169,1
2266,1169,1
1506,1169,1
2323,1169,1
540,1169,1
1288,1169,1
636,1169,1
1644,1169,1
1847,1169,1
544,1169,1
1219,1169,1
361,1169,1
2119,1169,1
2250,1169,1
1944,1169,1
195,1169,1
33,1169,1
2005,1169,1
862,1169,1
379,1169,1
1265,1169,1
1465,1169,1
1965,1170,1
1578,1170,1
1071,1171,1
1863,1172,1
1261,1172,1
1040,1172,1
1256,1172,1
1472,1172,1
447,1172,1
1767,1172,1
303,1172,1
203,1172,1
2249,1172,1
1719,1172,1
1093,1172,1
2298,1173,1
65,1173,1
1372,1173,1
2424,1173,1
2423,1173,1
1600,1173,1
127,1173,1
1784,1173,1
796,1173,1
704,1173,1
1702,1174,1
267,1174,1
1104,1174,1
599,1174,1
668,1174,1
758,1174,1
259,1174,1
1332,1174,1
1952,1174,1
268,1175,1
1452,1175,1
173,1176,1
567,1176,1
127,1176,1
2306,1176,1
1006,1176,1
1521,1176,1
1373,1176,1
401,1176,1
2323,1176,1
2134,1176,1
634,1176,1
886,1176,1
896,1176,1
174,1176,1
1891,1176,1
729,1177,1
1844,1178,1
269,1178,1
920,1179,1
1844,1179,1
1431,1179,1
709,1179,1
720,1179,1
819,1179,1
19,1179,1
1090,1179,1
939,1179,1
185,1179,1
848,1179,1
2157,1179,1
1846,1179,1
233,1179,1
102,1180,1
2011,1180,1
1312,1181,1
2338,1181,1
449,1181,1
2159,1182,1
1844,1183,1
514,1183,1
1492,1183,1
770,1184,1
1844,1184,1
1960,1184,1
1128,1184,1
785,1184,1
464,1184,1
435,1184,1
1007,1184,1
1501,1184,1
707,1185,1
1778,1186,1
677,1186,1
1787,1186,1
948,1187,1
630,1187,1
540,1187,1
629,1188,1
370,1188,1
435,1188,1
714,1188,1
2185,1188,1
1985,1188,1
2212,1188,1
1787,1188,1
680,1189,1
2220,1189,1
2375,1189,1
437,1189,1
2171,1189,1
69,1189,1
458,1190,1
1985,1190,1
287,1190,1
801,1190,1
477,1191,1
829,1191,1
1568,1191,1
415,1191,1
102,1191,1
1690,1191,1
1256,1191,1
879,1191,1
1384,1191,1
158,1191,1
2333,1191,1
1763,1191,1
957,1191,1
1783,1191,1
1053,1191,1
1271,1191,1
2290,1191,1
2328,1191,1
547,1191,1
2324,1191,1
1196,1191,1
327,1191,1
1767,1191,1
1725,1191,1
1622,1191,1
613,1191,1
131,1191,1
540,1191,1
2378,1191,1
57,1191,1
1249,1191,1
554,1191,1
248,1191,1
511,1191,1
714,1191,1
2230,1191,1
1700,1191,1
2045,1191,1
1184,1191,1
1826,1191,1
2346,1191,1
2208,1191,1
1884,1191,1
798,1191,1
1323,1191,1
724,1191,1
2130,1191,1
1844,1192,1
841,1193,1
1086,1194,1
1844,1194,1
78,1194,1
173,1195,1
429,1195,1
2221,1195,1
1006,1195,1
127,1195,1
490,1195,1
853,1195,1
1444,1196,1
92,1196,1
2011,1196,1
389,1196,1
2334,1196,1
2301,1196,1
1053,1196,1
179,1196,1
1226,1196,1
1783,1196,1
1074,1196,1
624,1196,1
438,1196,1
1508,1196,1
1349,1196,1
2261,1196,1
965,1196,1
1135,1196,1
764,1196,1
263,1196,1
1736,1196,1
1084,1196,1
820,1196,1
1546,1196,1
1729,1196,1
2314,1196,1
2312,1196,1
791,1196,1
458,1196,1
2051,1196,1
1450,1196,1
107,1196,1
183,1197,1
204,1198,1
434,1198,1
1893,1198,1
144,1198,1
1641,1198,1
203,1198,1
88,1199,1
1675,1199,1
1155,1199,1
671,1199,1
1271,1199,1
1604,1199,1
1867,1199,1
630,1200,1
1128,1201,1
1329,1201,1
494,1201,1
2361,1201,1
540,1201,1
1867,1201,1
184,1201,1
2290,1202,1
1844,1202,1
173,1203,1
567,1203,1
774,1204,1
892,1204,1
652,1204,1
2168,1204,1
477,1204,1
729,1204,1
2118,1204,1
1084,1204,1
710,1204,1
929,1204,1
1919,1204,1
1795,1204,1
2343,1204,1
1091,1204,1
341,1204,1
1134,1204,1
1053,1204,1
1534,1204,1
714,1204,1
140,1204,1
127,1204,1
785,1204,1
864,1204,1
1787,1204,1
1247,1204,1
2148,1204,1
939,1204,1
1506,1204,1
2166,1204,1
1960,1204,1
1001,1204,1
815,1204,1
489,1204,1
1847,1204,1
1010,1204,1
1457,1204,1
1033,1204,1
1721,1204,1
1501,1204,1
1319,1204,1
1886,1204,1
1075,1204,1
2282,1204,1
2379,1204,1
1752,1204,1
1748,1204,1
437,1205,1
1117,1206,1
2009,1206,1
29,1206,1
1784,1206,1
512,1206,1
1622,1206,1
237,1206,1
1571,1206,1
900,1206,1
1804,1206,1
1157,1206,1
1809,1206,1
554,1206,1
2329,1206,1
90,1206,1
514,1206,1
850,1206,1
241,1206,1
291,1206,1
2010,1206,1
2091,1206,1
2165,1207,1
2220,1207,1
389,1207,1
376,1207,1
1409,1207,1
1092,1207,1
1844,1207,1
107,1207,1
1116,1208,1
2349,1209,1
804,1209,1
1843,1209,1
525,1210,1
2031,1210,1
2352,1210,1
1240,1210,1
526,1211,1
1071,1211,1
1356,1211,1
1074,1211,1
1116,1211,1
2310,1211,1
1454,1211,1
1289,1211,1
155,1211,1
1553,1211,1
2160,1211,1
1429,1211,1
409,1211,1
1100,1211,1
2227,1211,1
2364,1211,1
804,1211,1
62,1211,1
83,1211,1
955,1211,1
1587,1211,1
357,1211,1
2404,1211,1
957,1211,1
2284,1211,1
912,1211,1
364,1211,1
392,1211,1
1188,1211,1
2305,1211,1
1354,1211,1
460,1211,1
2382,1211,1
1369,1211,1
2266,1211,1
2206,1211,1
225,1211,1
266,1211,1
192,1211,1
1867,1211,1
507,1212,1
1604,1212,1
1677,1212,1
2159,1212,1
1452,1213,1
2312,1214,1
1587,1214,1
2100,1215,1
507,1216,1
311,1216,1
1071,1217,1
1960,1217,1
1844,1217,1
630,1218,1
1423,1218,1
895,1218,1
2077,1218,1
1602,1219,1
135,1219,1
1333,1219,1
2361,1219,1
2215,1219,1
1375,1219,1
1787,1219,1
2040,1220,1
127,1220,1
1483,1220,1
1844,1221,1
801,1221,1
1933,1222,1
521,1222,1
1597,1222,1
324,1222,1
1909,1222,1
1415,1222,1
2037,1222,1
1786,1222,1
127,1222,1
1539,1222,1
1532,1223,1
154,1223,1
714,1224,1
1844,1224,1
487,1224,1
2165,1225,1
2220,1225,1
1145,1226,1
68,1226,1
684,1226,1
641,1227,1
1412,1227,1
1927,1227,1
1306,1227,1
387,1227,1
1634,1227,1
793,1227,1
105,1227,1
1931,1227,1
2211,1227,1
276,1227,1
370,1228,1
2040,1228,1
168,1228,1
629,1228,1
957,1229,1
1515,1229,1
1558,1230,1
2320,1230,1
434,1230,1
477,1230,1
1795,1230,1
448,1230,1
636,1230,1
1010,1230,1
2096,1230,1
1075,1230,1
1184,1230,1
2413,1230,1
693,1230,1
2349,1231,1
1261,1231,1
23,1231,1
1512,1231,1
239,1231,1
448,1231,1
993,1231,1
445,1231,1
1015,1232,1
533,1232,1
1628,1232,1
790,1232,1
2254,1232,1
816,1232,1
2352,1232,1
1872,1232,1
1218,1232,1
1053,1232,1
1974,1232,1
1562,1232,1
1845,1232,1
704,1232,1
345,1232,1
779,1232,1
1961,1232,1
2021,1232,1
2052,1232,1
1926,1232,1
2293,1232,1
1259,1232,1
2274,1233,1
1117,1233,1
357,1233,1
1170,1233,1
777,1233,1
625,1233,1
1335,1233,1
2321,1233,1
667,1233,1
654,1233,1
2062,1233,1
1243,1233,1
376,1233,1
521,1233,1
1598,1233,1
62,1233,1
1299,1233,1
794,1233,1
324,1233,1
2290,1233,1
1940,1233,1
561,1233,1
1373,1233,1
1276,1233,1
1622,1233,1
47,1233,1
945,1233,1
1284,1233,1
2018,1233,1
2372,1233,1
776,1233,1
1844,1233,1
1787,1233,1
1804,1233,1
678,1233,1
2275,1233,1
2085,1233,1
1584,1233,1
508,1233,1
540,1233,1
1985,1233,1
2175,1233,1
1961,1233,1
736,1233,1
1790,1233,1
579,1233,1
1110,1233,1
1897,1233,1
754,1233,1
529,1233,1
1011,1233,1
265,1233,1
100,1233,1
2067,1233,1
851,1233,1
848,1233,1
252,1233,1
1911,1233,1
1197,1233,1
1074,1234,1
1272,1234,1
606,1234,1
1784,1234,1
1978,1234,1
2418,1234,1
1211,1234,1
794,1234,1
2101,1234,1
785,1234,1
1300,1234,1
2085,1234,1
1423,1234,1
225,1234,1
1432,1234,1
2233,1234,1
1567,1234,1
1575,1234,1
1024,1234,1
100,1234,1
1318,1234,1
1515,1234,1
127,1235,1
1844,1235,1
1033,1235,1
533,1236,1
830,1236,1
1256,1236,1
1545,1236,1
585,1236,1
1767,1236,1
714,1236,1
2382,1236,1
1033,1236,1
1691,1236,1
366,1236,1
1887,1236,1
1652,1236,1
1060,1236,1
1891,1236,1
1095,1236,1
1683,1236,1
2264,1237,1
1523,1237,1
370,1237,1
1341,1237,1
1787,1237,1
629,1237,1
1844,1237,1
300,1237,1
1611,1238,1
1137,1238,1
2117,1238,1
1784,1238,1
1563,1238,1
690,1238,1
802,1238,1
909,1238,1
2209,1238,1
340,1238,1
540,1239,1
1844,1239,1
2220,1240,1
2420,1241,1
415,1241,1
1319,1241,1
2168,1241,1
477,1241,1
729,1241,1
2062,1241,1
1211,1241,1
2118,1241,1
2227,1241,1
794,1241,1
1919,1241,1
127,1241,1
1421,1241,1
1725,1241,1
627,1241,1
785,1241,1
1636,1241,1
1001,1241,1
229,1241,1
47,1241,1
1960,1241,1
1561,1241,1
569,1241,1
714,1241,1
1506,1241,1
1874,1241,1
1288,1241,1
815,1241,1
2263,1241,1
2295,1241,1
1644,1241,1
2382,1241,1
489,1241,1
1847,1241,1
544,1241,1
1219,1241,1
2250,1241,1
565,1241,1
2087,1241,1
1010,1241,1
862,1241,1
467,1241,1
2005,1241,1
914,1241,1
2379,1241,1
36,1241,1
1704,1241,1
1844,1242,1
1061,1243,1
2220,1243,1
108,1243,1
1736,1243,1
1281,1243,1
1627,1243,1
1157,1243,1
423,1243,1
201,1243,1
659,1243,1
207,1243,1
540,1243,1
203,1243,1
127,1243,1
1985,1243,1
44,1243,1
1529,1243,1
546,1243,1
1090,1243,1
1681,1243,1
283,1243,1
72,1243,1
2043,1243,1
1540,1243,1
701,1243,1
1846,1243,1
1722,1243,1
1265,1243,1
1071,1244,1
1844,1244,1
2220,1245,1
1931,1246,1
2220,1246,1
736,1246,1
1053,1246,1
2227,1246,1
377,1246,1
2261,1246,1
666,1246,1
2312,1246,1
85,1246,1
1960,1246,1
1945,1246,1
2091,1246,1
1214,1246,1
69,1246,1
2284,1246,1
173,1247,1
1786,1247,1
127,1247,1
490,1247,1
1471,1247,1
2104,1247,1
31,1247,1
2246,1247,1
781,1247,1
1583,1247,1
489,1247,1
707,1248,1
1502,1248,1
706,1248,1
2141,1249,1
173,1250,1
1311,1250,1
1637,1250,1
429,1250,1
1384,1250,1
1653,1250,1
333,1250,1
1402,1250,1
2153,1250,1
401,1250,1
2196,1250,1
718,1250,1
1440,1250,1
448,1250,1
720,1250,1
1787,1250,1
1222,1250,1
213,1250,1
1413,1251,1
2285,1251,1
127,1252,1
1933,1252,1
1415,1252,1
1128,1252,1
2037,1252,1
1139,1252,1
2296,1252,1
1860,1252,1
1867,1252,1
432,1252,1
445,1253,1
809,1254,1
1496,1254,1
269,1254,1
864,1254,1
1543,1254,1
173,1255,1
127,1255,1
2221,1255,1
429,1255,1
333,1255,1
1006,1255,1
1402,1255,1
2213,1255,1
1653,1255,1
1119,1255,1
490,1255,1
853,1255,1
1654,1255,1
1351,1256,1
489,1256,1
290,1257,1
495,1257,1
2261,1257,1
201,1257,1
453,1257,1
2312,1257,1
2159,1257,1
2376,1257,1
295,1257,1
1950,1257,1
69,1257,1
1444,1258,1
303,1258,1
381,1258,1
2075,1258,1
1966,1258,1
2101,1258,1
1342,1258,1
785,1258,1
593,1258,1
127,1258,1
162,1258,1
1483,1258,1
1587,1258,1
1820,1258,1
2241,1258,1
2368,1258,1
1757,1258,1
2178,1258,1
1075,1258,1
1028,1258,1
261,1258,1
2367,1258,1
1061,1259,1
1844,1259,1
2085,1259,1
889,1259,1
610,1260,1
507,1260,1
1732,1260,1
311,1260,1
1045,1260,1
629,1261,1
1496,1261,1
2100,1261,1
2249,1261,1
714,1261,1
2354,1261,1
1775,1261,1
1355,1261,1
1624,1261,1
1234,1261,1
945,1262,1
1167,1262,1
785,1262,1
810,1262,1
714,1262,1
437,1262,1
435,1262,1
556,1262,1
1288,1262,1
2183,1262,1
1253,1262,1
2345,1262,1
801,1262,1
37,1263,1
764,1263,1
1732,1264,1
1787,1265,1
578,1266,1
589,1266,1
1061,1267,1
2203,1267,1
540,1267,1
1844,1267,1
2085,1267,1
2220,1268,1
1053,1269,1
1061,1270,1
1797,1270,1
2175,1270,1
2215,1270,1
1858,1270,1
1281,1270,1
631,1270,1
201,1270,1
203,1270,1
127,1270,1
1747,1270,1
1206,1270,1
44,1270,1
1434,1270,1
1681,1270,1
2043,1270,1
331,1270,1
701,1270,1
1846,1270,1
2398,1270,1
153,1270,1
607,1270,1
511,1270,1
447,1270,1
248,1270,1
2013,1270,1
1722,1270,1
805,1270,1
1272,1271,1
836,1271,1
408,1271,1
2385,1271,1
1890,1271,1
1217,1271,1
1245,1271,1
700,1271,1
84,1271,1
4,1271,1
441,1271,1
1541,1271,1
64,1271,1
1927,1271,1
85,1271,1
2085,1271,1
2312,1271,1
1509,1271,1
1581,1271,1
1587,1271,1
1515,1271,1
1572,1271,1
266,1271,1
2295,1271,1
1208,1271,1
1024,1271,1
261,1271,1
2006,1271,1
24,1271,1
151,1271,1
1703,1271,1
303,1271,1
1525,1271,1
629,1272,1
370,1272,1
1787,1272,1
173,1273,1
208,1273,1
2134,1273,1
2153,1273,1
1053,1273,1
1222,1273,1
59,1273,1
781,1273,1
1583,1273,1
886,1273,1
1789,1273,1
329,1273,1
252,1273,1
2360,1273,1
2000,1273,1
1702,1274,1
1769,1274,1
247,1274,1
1680,1274,1
1571,1274,1
303,1274,1
736,1274,1
1171,1274,1
408,1274,1
2075,1274,1
1892,1274,1
4,1274,1
1081,1274,1
710,1274,1
957,1274,1
785,1274,1
1390,1274,1
1287,1274,1
2031,1274,1
631,1274,1
2218,1274,1
1391,1274,1
1084,1274,1
120,1274,1
127,1274,1
852,1274,1
1747,1274,1
1966,1274,1
2076,1274,1
332,1274,1
1820,1274,1
619,1274,1
1755,1274,1
1954,1274,1
2368,1274,1
139,1274,1
1589,1274,1
2178,1274,1
252,1274,1
245,1274,1
1028,1274,1
2253,1274,1
329,1274,1
717,1274,1
1542,1274,1
1068,1274,1
233,1274,1
1400,1274,1
279,1274,1
1197,1274,1
841,1275,1
889,1275,1
2166,1275,1
1844,1275,1
1341,1276,1
2000,1276,1
1745,1276,1
1787,1276,1
774,1277,1
829,1277,1
533,1277,1
353,1277,1
296,1277,1
1319,1277,1
1767,1277,1
929,1277,1
1919,1277,1
1795,1277,1
480,1277,1
856,1277,1
809,1277,1
1453,1277,1
1938,1277,1
1807,1277,1
785,1277,1
1084,1277,1
864,1277,1
600,1277,1
229,1277,1
714,1277,1
1577,1277,1
1457,1277,1
175,1277,1
2326,1277,1
1935,1277,1
1075,1277,1
1143,1277,1
2282,1277,1
1095,1277,1
675,1277,1
869,1277,1
402,1278,1
2073,1279,1
2121,1280,1
2220,1280,1
108,1280,1
677,1281,1
1523,1281,1
1341,1281,1
581,1281,1
1257,1281,1
2077,1281,1
1911,1281,1
300,1281,1
1844,1282,1
2093,1282,1
1061,1282,1
135,1283,1
1333,1283,1
1500,1283,1
1775,1283,1
793,1284,1
2421,1284,1
1084,1285,1
2330,1285,1
2134,1285,1
2196,1285,1
490,1285,1
203,1285,1
1484,1285,1
2409,1285,1
616,1285,1
1332,1285,1
1461,1286,1
81,1287,1
1844,1288,1
1030,1288,1
127,1288,1
20,1288,1
1569,1288,1
464,1288,1
747,1288,1
915,1288,1
1446,1288,1
916,1288,1
161,1288,1
1722,1288,1
2018,1289,1
1694,1289,1
507,1290,1
2369,1290,1
1604,1290,1
1800,1290,1
2148,1290,1
370,1291,1
1388,1291,1
1341,1291,1
1844,1291,1
300,1291,1
1911,1291,1
1776,1292,1
1255,1292,1
1266,1292,1
1844,1292,1
630,1292,1
421,1292,1
2344,1292,1
566,1293,1
1255,1294,1
173,1295,1
2318,1295,1
42,1295,1
2333,1295,1
1402,1295,1
2134,1295,1
630,1295,1
0,1296,1
2040,1296,1
1784,1296,1
214,1297,1
2301,1298,1
370,1298,1
1787,1298,1
82,1299,1
1084,1299,1
507,1299,1
1322,1299,1
489,1299,1
547,1299,1
1673,1299,1
71,1299,1
1265,1299,1
2103,1299,1
989,1299,1
961,1299,1
1542,1299,1
2011,1300,1
1913,1300,1
1311,1300,1
429,1300,1
268,1301,1
2248,1301,1
2059,1301,1
1062,1301,1
1653,1301,1
2072,1301,1
2215,1301,1
1572,1301,1
1196,1301,1
423,1301,1
219,1301,1
44,1301,1
1882,1301,1
546,1301,1
1090,1301,1
1984,1301,1
1681,1301,1
283,1301,1
72,1301,1
2043,1301,1
1311,1302,1
998,1303,1
456,1303,1
2420,1303,1
1863,1303,1
1512,1304,1
1800,1305,1
1844,1305,1
2133,1305,1
864,1305,1
707,1306,1
2162,1306,1
183,1306,1
865,1307,1
981,1308,1
88,1308,1
794,1308,1
2369,1308,1
2377,1308,1
2361,1308,1
1084,1308,1
1079,1308,1
1103,1308,1
2159,1308,1
821,1308,1
1657,1308,1
78,1308,1
617,1308,1
1446,1308,1
1395,1308,1
1403,1308,1
252,1308,1
1941,1308,1
846,1308,1
173,1309,1
434,1309,1
479,1309,1
1521,1309,1
1402,1309,1
853,1309,1
127,1309,1
630,1309,1
770,1310,1
2121,1310,1
2220,1310,1
1771,1310,1
736,1310,1
1053,1310,1
495,1310,1
2227,1310,1
512,1310,1
263,1310,1
1303,1310,1
666,1310,1
1998,1310,1
1639,1310,1
1945,1310,1
2091,1310,1
2249,1310,1
226,1311,1
186,1311,1
1467,1311,1
540,1311,1
1236,1312,1
1128,1313,1
1787,1313,1
434,1314,1
1213,1315,1
1844,1315,1
1764,1316,1
1160,1316,1
1844,1317,1
486,1318,1
617,1318,1
2362,1318,1
1071,1319,1
1128,1319,1
917,1320,1
1984,1320,1
2011,1321,1
127,1321,1
2000,1321,1
69,1321,1
2166,1322,1
1303,1323,1
1421,1323,1
1844,1323,1
1001,1323,1
647,1323,1
2351,1323,1
297,1323,1
1234,1323,1
2049,1323,1
920,1324,1
1014,1324,1
1769,1324,1
1387,1324,1
2175,1324,1
1787,1325,1
1844,1325,1
445,1325,1
965,1326,1
69,1326,1
1892,1327,1
1568,1327,1
340,1327,1
1841,1327,1
135,1327,1
2333,1327,1
1333,1327,1
1795,1327,1
1689,1327,1
794,1327,1
1919,1327,1
1010,1327,1
2383,1327,1
2324,1327,1
1999,1327,1
958,1327,1
2075,1327,1
785,1327,1
1421,1327,1
489,1327,1
1644,1327,1
2166,1327,1
1874,1327,1
469,1327,1
2230,1327,1
714,1327,1
2030,1327,1
2222,1327,1
594,1327,1
1872,1327,1
1775,1327,1
878,1327,1
1265,1327,1
399,1327,1
1204,1327,1
1323,1327,1
2130,1327,1
2220,1328,1
1634,1329,1
2303,1329,1
1933,1329,1
324,1329,1
1909,1329,1
1415,1329,1
2037,1329,1
127,1329,1
2372,1329,1
1844,1329,1
2296,1329,1
432,1329,1
1264,1329,1
522,1329,1
1860,1329,1
127,1330,1
2220,1330,1
794,1330,1
2051,1330,1
1794,1330,1
1791,1330,1
819,1330,1
2212,1330,1
1483,1330,1
1786,1331,1
1511,1331,1
2264,1331,1
2313,1331,1
226,1331,1
1154,1331,1
619,1331,1
949,1331,1
1265,1331,1
961,1331,1
1125,1331,1
37,1332,1
434,1332,1
324,1332,1
1335,1332,1
1284,1332,1
1896,1332,1
678,1332,1
2020,1332,1
774,1333,1
920,1333,1
1441,1333,1
1075,1333,1
1082,1333,1
645,1333,1
794,1333,1
1074,1333,1
1053,1333,1
789,1333,1
2287,1333,1
1644,1333,1
1657,1333,1
1501,1333,1
1977,1333,1
1502,1333,1
194,1333,1
244,1333,1
1204,1333,1
2159,1334,1
504,1335,1
565,1335,1
794,1335,1
1580,1335,1
1236,1335,1
357,1335,1
1421,1335,1
1725,1335,1
127,1335,1
1001,1335,1
2100,1335,1
864,1335,1
2323,1335,1
815,1335,1
1212,1335,1
1010,1335,1
714,1335,1
647,1335,1
2379,1335,1
1234,1335,1
707,1336,1
2065,1336,1
1587,1337,1
1295,1337,1
2422,1337,1
1571,1337,1
1483,1337,1
390,1337,1
2130,1337,1
676,1338,1
88,1338,1
1014,1338,1
2377,1338,1
1738,1338,1
1271,1338,1
1604,1338,1
1800,1338,1
2361,1338,1
399,1338,1
1906,1338,1
846,1338,1
1350,1338,1
181,1338,1
1823,1338,1
1527,1338,1
536,1338,1
1061,1339,1
370,1339,1
976,1339,1
579,1339,1
1128,1340,1
1844,1340,1
761,1340,1
2037,1341,1
1512,1341,1
1196,1341,1
2209,1341,1
647,1341,1
257,1341,1
1326,1342,1
1341,1342,1
1787,1342,1
1994,1342,1
79,1342,1
1364,1342,1
1205,1342,1
300,1342,1
707,1343,1
507,1344,1
957,1344,1
1732,1344,1
419,1345,1
303,1345,1
1780,1345,1
1074,1345,1
920,1345,1
1771,1345,1
1417,1345,1
989,1345,1
794,1345,1
422,1345,1
357,1345,1
1830,1345,1
2085,1345,1
1971,1345,1
1001,1345,1
558,1345,1
760,1345,1
2286,1345,1
648,1345,1
2036,1345,1
507,1346,1
2377,1346,1
1604,1346,1
1921,1346,1
1787,1346,1
1867,1346,1
2148,1346,1
1066,1347,1
1558,1348,1
882,1348,1
286,1348,1
477,1348,1
884,1348,1
1211,1348,1
425,1348,1
1795,1348,1
1847,1348,1
2343,1348,1
714,1348,1
957,1348,1
127,1348,1
2239,1348,1
1421,1348,1
2156,1348,1
229,1348,1
732,1348,1
569,1348,1
2166,1348,1
1506,1348,1
815,1348,1
15,1348,1
489,1348,1
1074,1348,1
1001,1348,1
2379,1348,1
195,1348,1
1010,1348,1
1745,1348,1
1457,1348,1
1721,1348,1
565,1348,1
1319,1348,1
2009,1349,1
2292,1349,1
2179,1350,1
495,1350,1
2264,1350,1
1680,1350,1
273,1350,1
631,1350,1
1587,1350,1
1658,1350,1
2124,1350,1
364,1350,1
957,1350,1
2036,1350,1
413,1350,1
580,1350,1
1924,1350,1
252,1350,1
1028,1350,1
523,1350,1
262,1350,1
1953,1350,1
2236,1351,1
214,1351,1
1523,1352,1
127,1352,1
2305,1352,1
2179,1353,1
687,1353,1
1444,1353,1
303,1353,1
1853,1353,1
2075,1353,1
186,1353,1
1084,1353,1
1966,1353,1
2101,1353,1
1287,1353,1
356,1353,1
2218,1353,1
127,1353,1
1300,1353,1
226,1353,1
1747,1353,1
1483,1353,1
1522,1353,1
1587,1353,1
332,1353,1
1820,1353,1
1549,1353,1
1757,1353,1
681,1353,1
2178,1353,1
73,1353,1
1867,1353,1
1028,1353,1
261,1353,1
1971,1353,1
983,1353,1
862,1353,1
1400,1353,1
926,1354,1
1120,1354,1
1923,1354,1
127,1354,1
917,1355,1
1071,1355,1
324,1355,1
377,1355,1
1058,1355,1
785,1355,1
1335,1355,1
547,1355,1
1264,1355,1
851,1355,1
234,1356,1
48,1356,1
179,1356,1
389,1356,1
409,1356,1
2227,1356,1
2364,1356,1
2219,1356,1
1587,1356,1
752,1356,1
186,1356,1
357,1356,1
920,1356,1
1534,1356,1
957,1356,1
588,1356,1
1765,1356,1
2411,1356,1
628,1356,1
219,1356,1
2131,1356,1
359,1356,1
471,1356,1
2085,1356,1
2402,1356,1
1661,1356,1
1190,1356,1
261,1356,1
12,1356,1
1215,1356,1
608,1356,1
743,1356,1
1325,1357,1
135,1357,1
641,1357,1
1021,1358,1
1341,1358,1
629,1358,1
1844,1358,1
1364,1358,1
300,1358,1
1290,1359,1
459,1359,1
965,1359,1
437,1359,1
1538,1360,1
218,1361,1
1006,1361,1
630,1361,1
1816,1362,1
2349,1362,1
2243,1363,1
1305,1363,1
2236,1363,1
2093,1364,1
2322,1364,1
1084,1365,1
2383,1366,1
777,1367,1
800,1367,1
924,1368,1
1053,1368,1
1577,1368,1
1844,1369,1
1290,1370,1
965,1370,1
1275,1370,1
201,1370,1
2375,1370,1
2312,1370,1
2159,1370,1
2376,1370,1
69,1370,1
2009,1371,1
1223,1371,1
629,1372,1
1707,1372,1
1061,1372,1
1516,1372,1
1656,1372,1
413,1372,1
841,1373,1
1844,1373,1
2004,1373,1
889,1373,1
1253,1373,1
699,1373,1
556,1373,1
916,1373,1
1791,1373,1
344,1373,1
981,1374,1
588,1374,1
82,1374,1
1960,1374,1
1446,1374,1
499,1374,1
1395,1374,1
1265,1374,1
2063,1374,1
1693,1374,1
202,1375,1
948,1375,1
982,1375,1
477,1376,1
1471,1376,1
1763,1376,1
1038,1376,1
729,1376,1
1919,1376,1
480,1376,1
1847,1376,1
337,1376,1
1236,1376,1
127,1376,1
957,1376,1
2239,1376,1
1128,1376,1
864,1376,1
2241,1376,1
835,1376,1
714,1376,1
1506,1376,1
448,1376,1
1960,1376,1
815,1376,1
2368,1376,1
489,1376,1
366,1376,1
1001,1376,1
1010,1376,1
1457,1376,1
1264,1376,1
1886,1376,1
1319,1376,1
2379,1376,1
629,1377,1
1787,1377,1
533,1378,1
1456,1378,1
830,1378,1
1712,1378,1
477,1378,1
1966,1378,1
1919,1378,1
1767,1378,1
2075,1378,1
1784,1378,1
766,1378,1
1265,1378,1
1844,1379,1
1071,1379,1
690,1380,1
329,1380,1
1345,1381,1
610,1381,1
1330,1381,1
2357,1381,1
957,1381,1
1084,1381,1
1725,1381,1
431,1381,1
1869,1381,1
1929,1381,1
735,1381,1
341,1381,1
573,1381,1
489,1381,1
1383,1381,1
1322,1381,1
989,1381,1
2103,1381,1
827,1381,1
961,1381,1
547,1381,1
457,1381,1
572,1381,1
2387,1381,1
2377,1382,1
1604,1382,1
927,1382,1
2159,1382,1
1446,1382,1
2011,1383,1
2217,1383,1
435,1383,1
1844,1383,1
774,1384,1
892,1384,1
2062,1384,1
1919,1384,1
1795,1384,1
2287,1384,1
1725,1384,1
785,1384,1
601,1384,1
1960,1384,1
1506,1384,1
2378,1384,1
2354,1384,1
57,1384,1
1288,1384,1
1001,1384,1
1644,1384,1
1010,1384,1
1502,1384,1
1053,1384,1
1465,1384,1
2162,1385,1
351,1385,1
2218,1385,1
1015,1386,1
340,1386,1
1885,1386,1
1936,1386,1
1240,1386,1
1081,1386,1
704,1386,1
345,1386,1
880,1386,1
2012,1386,1
1961,1386,1
950,1386,1
1113,1386,1
1028,1386,1
2354,1386,1
779,1386,1
2021,1386,1
1926,1386,1
2052,1386,1
314,1386,1
2351,1386,1
1015,1387,1
303,1387,1
1853,1387,1
785,1387,1
593,1387,1
127,1387,1
2265,1387,1
2203,1387,1
226,1387,1
1747,1387,1
1966,1387,1
1483,1387,1
1522,1387,1
49,1387,1
1295,1387,1
1954,1387,1
2368,1387,1
295,1387,1
1757,1387,1
2367,1387,1
279,1387,1
1613,1388,1
1456,1389,1
1621,1389,1
1472,1389,1
1438,1389,1
957,1389,1
2118,1389,1
1767,1389,1
142,1389,1
1128,1389,1
1867,1389,1
2127,1389,1
1523,1390,1
1261,1391,1
1822,1391,1
127,1391,1
1836,1391,1
429,1392,1
1653,1392,1
2221,1392,1
1006,1392,1
127,1392,1
630,1392,1
2344,1393,1
1471,1394,1
604,1394,1
1293,1394,1
374,1394,1
1479,1394,1
1031,1394,1
714,1394,1
1112,1394,1
603,1394,1
2338,1394,1
2361,1394,1
1834,1394,1
709,1394,1
819,1394,1
2159,1394,1
520,1394,1
1787,1394,1
1357,1394,1
1923,1395,1
1272,1396,1
81,1396,1
1714,1396,1
1158,1396,1
2342,1396,1
955,1396,1
1075,1396,1
64,1396,1
141,1396,1
1467,1396,1
2270,1396,1
1559,1396,1
2057,1396,1
769,1396,1
1174,1396,1
708,1396,1
2206,1396,1
2095,1396,1
805,1396,1
909,1396,1
240,1396,1
1444,1396,1
867,1396,1
447,1396,1
12,1396,1
2006,1396,1
1623,1396,1
403,1396,1
685,1396,1
1959,1397,1
1664,1397,1
1783,1398,1
1032,1399,1
955,1399,1
592,1399,1
2334,1399,1
1246,1399,1
2140,1399,1
1950,1399,1
458,1399,1
1043,1399,1
810,1399,1
2183,1399,1
771,1399,1
1919,1400,1
1558,1401,1
1063,1401,1
1537,1401,1
1874,1401,1
1071,1402,1
1030,1402,1
1128,1402,1
1444,1402,1
1074,1403,1
1311,1403,1
1101,1403,1
2143,1403,1
1962,1403,1
959,1403,1
2310,1403,1
84,1403,1
2155,1403,1
2101,1403,1
804,1403,1
955,1403,1
186,1403,1
957,1403,1
588,1403,1
1997,1403,1
2382,1403,1
231,1403,1
1610,1403,1
1173,1403,1
2230,1403,1
2147,1403,1
1587,1403,1
795,1403,1
664,1403,1
1708,1403,1
847,1403,1
2266,1403,1
1661,1403,1
1444,1403,1
1662,1403,1
1151,1403,1
12,1403,1
1024,1403,1
1589,1403,1
1844,1403,1
685,1403,1
1413,1404,1
533,1405,1
1611,1405,1
1456,1405,1
1454,1405,1
303,1405,1
1966,1405,1
1741,1405,1
212,1405,1
430,1405,1
2249,1405,1
2237,1405,1
967,1405,1
1311,1406,1
2160,1406,1
230,1406,1
717,1406,1
1844,1407,1
2321,1408,1
625,1408,1
2248,1408,1
1730,1408,1
1857,1408,1
1960,1408,1
356,1408,1
535,1408,1
230,1408,1
736,1409,1
271,1409,1
2121,1409,1
2040,1409,1
1533,1409,1
1783,1409,1
673,1409,1
139,1409,1
2284,1409,1
6,1410,1
2289,1410,1
419,1410,1
303,1410,1
1780,1410,1
1074,1410,1
1417,1410,1
182,1410,1
1053,1410,1
989,1410,1
1695,1410,1
794,1410,1
422,1410,1
2196,1410,1
714,1410,1
1830,1410,1
1971,1410,1
1001,1410,1
490,1410,1
1335,1411,1
624,1411,1
785,1411,1
179,1411,1
1577,1411,1
437,1411,1
504,1411,1
130,1411,1
1074,1411,1
257,1411,1
135,1412,1
1771,1412,1
1038,1412,1
1980,1412,1
395,1412,1
1314,1412,1
920,1412,1
2423,1412,1
1484,1412,1
1070,1412,1
2036,1412,1
1812,1412,1
421,1412,1
523,1412,1
245,1412,1
878,1412,1
2373,1412,1
536,1412,1
1071,1413,1
351,1413,1
1261,1414,1
1104,1414,1
758,1414,1
461,1414,1
259,1414,1
696,1415,1
1127,1415,1
1379,1415,1
135,1416,1
92,1416,1
2271,1417,1
1128,1417,1
1025,1417,1
2157,1417,1
948,1418,1
630,1418,1
2089,1419,1
667,1419,1
236,1419,1
1071,1420,1
1545,1420,1
2281,1420,1
889,1420,1
629,1421,1
1538,1421,1
1707,1421,1
2146,1422,1
2011,1423,1
2346,1423,1
188,1423,1
2221,1423,1
176,1423,1
929,1423,1
2328,1423,1
1303,1423,1
1787,1423,1
1385,1423,1
1632,1423,1
1644,1423,1
1874,1423,1
1960,1423,1
1464,1423,1
714,1423,1
115,1423,1
1977,1423,1
2253,1423,1
1925,1423,1
550,1423,1
2344,1424,1
642,1425,1
127,1425,1
707,1425,1
1836,1425,1
2058,1426,1
230,1426,1
1706,1426,1
174,1426,1
448,1426,1
1667,1426,1
2038,1427,1
1810,1427,1
1104,1428,1
1275,1428,1
1521,1428,1
507,1428,1
2392,1428,1
2422,1428,1
1483,1428,1
390,1428,1
2130,1428,1
303,1429,1
818,1429,1
17,1429,1
1001,1429,1
1522,1429,1
558,1429,1
760,1429,1
2286,1429,1
1846,1429,1
648,1429,1
2036,1429,1
619,1429,1
1755,1429,1
1954,1429,1
1866,1429,1
2409,1429,1
1067,1429,1
1844,1429,1
983,1429,1
1952,1429,1
184,1429,1
1074,1430,1
629,1430,1
1650,1430,1
2143,1430,1
2310,1430,1
2342,1430,1
250,1430,1
1271,1430,1
1815,1430,1
920,1430,1
2404,1430,1
638,1430,1
1477,1430,1
410,1430,1
64,1430,1
228,1430,1
1695,1430,1
1062,1430,1
2233,1430,1
448,1430,1
847,1430,1
283,1430,1
445,1430,1
647,1430,1
12,1430,1
822,1430,1
245,1430,1
1844,1430,1
127,1431,1
167,1431,1
2271,1431,1
1650,1431,1
582,1431,1
155,1431,1
2126,1431,1
1192,1431,1
1877,1431,1
1844,1431,1
916,1431,1
1501,1431,1
848,1431,1
1853,1432,1
267,1432,1
1255,1432,1
758,1432,1
1104,1432,1
1261,1432,1
1587,1432,1
461,1432,1
1332,1432,1
1071,1433,1
1844,1433,1
1084,1434,1
937,1435,1
88,1435,1
2211,1435,1
303,1435,1
2101,1435,1
357,1435,1
507,1435,1
1470,1435,1
1100,1435,1
2085,1435,1
2382,1435,1
989,1435,1
435,1435,1
1867,1435,1
1575,1435,1
2389,1435,1
1796,1435,1
2049,1435,1
2337,1435,1
1892,1436,1
630,1437,1
819,1437,1
720,1437,1
1786,1438,1
729,1438,1
155,1438,1
540,1438,1
848,1438,1
1218,1439,1
1128,1439,1
540,1439,1
1844,1439,1
1919,1440,1
2417,1440,1
794,1440,1
1053,1440,1
127,1440,1
67,1440,1
1960,1440,1
619,1440,1
1075,1440,1
2295,1440,1
297,1440,1
1288,1440,1
278,1440,1
722,1440,1
2311,1440,1
1497,1440,1
1721,1440,1
55,1440,1
944,1440,1
1947,1440,1
1228,1440,1
1010,1440,1
862,1440,1
2426,1440,1
1061,1441,1
769,1441,1
1844,1441,1
1512,1442,1
239,1442,1
1286,1442,1
1030,1443,1
2220,1443,1
2383,1444,1
1844,1444,1
67,1444,1
2100,1445,1
1844,1445,1
2061,1445,1
340,1446,1
226,1447,1
2096,1447,1
1160,1447,1
533,1448,1
108,1448,1
714,1448,1
214,1448,1
90,1448,1
1567,1448,1
780,1448,1
574,1448,1
1265,1448,1
717,1448,1
1683,1448,1
1074,1449,1
696,1449,1
1980,1449,1
1782,1449,1
1314,1449,1
2423,1449,1
2283,1449,1
704,1449,1
535,1449,1
2266,1449,1
2373,1449,1
536,1449,1
858,1449,1
1128,1450,1
1844,1450,1
155,1450,1
1038,1451,1
2089,1452,1
1471,1453,1
679,1454,1
649,1454,1
173,1455,1
2246,1455,1
2318,1455,1
917,1455,1
2221,1455,1
1006,1455,1
1521,1455,1
1653,1455,1
1654,1455,1
796,1455,1
2153,1455,1
718,1455,1
630,1455,1
865,1456,1
1104,1456,1
864,1456,1
914,1456,1
1836,1457,1
2178,1457,1
2377,1458,1
343,1458,1
1867,1458,1
2159,1458,1
419,1459,1
478,1459,1
2292,1459,1
1386,1459,1
2220,1460,1
1342,1461,1
2239,1461,1
165,1461,1
1923,1462,1
2271,1462,1
1650,1462,1
1062,1462,1
1844,1462,1
277,1462,1
1877,1462,1
915,1462,1
1488,1462,1
1730,1462,1
1446,1462,1
310,1462,1
1501,1462,1
916,1462,1
2126,1462,1
121,1462,1
161,1462,1
1348,1462,1
2220,1463,1
2349,1464,1
23,1464,1
993,1464,1
239,1464,1
1844,1465,1
1653,1466,1
270,1466,1
186,1467,1
47,1467,1
1341,1468,1
1787,1468,1
1844,1468,1
79,1468,1
1364,1468,1
135,1469,1
641,1469,1
567,1470,1
2134,1470,1
2324,1470,1
341,1470,1
1484,1470,1
1846,1470,1
1712,1471,1
879,1471,1
2062,1471,1
45,1471,1
1767,1471,1
2324,1471,1
1868,1471,1
1379,1471,1
1304,1472,1
1298,1472,1
1784,1472,1
1717,1472,1
1398,1472,1
726,1472,1
939,1472,1
808,1472,1
957,1472,1
2101,1472,1
955,1472,1
752,1472,1
357,1472,1
1815,1472,1
593,1472,1
1814,1472,1
1541,1472,1
785,1472,1
1632,1472,1
1939,1472,1
2085,1472,1
231,1472,1
1581,1472,1
1203,1472,1
448,1472,1
664,1472,1
2402,1472,1
393,1472,1
1960,1472,1
230,1472,1
2175,1472,1
1432,1472,1
1444,1472,1
413,1472,1
863,1472,1
1080,1472,1
1589,1472,1
2006,1472,1
822,1472,1
975,1472,1
2382,1472,1
100,1472,1
916,1472,1
450,1472,1
1515,1472,1
127,1473,1
2397,1473,1
501,1473,1
27,1473,1
2334,1473,1
1043,1473,1
648,1473,1
956,1473,1
2192,1473,1
771,1473,1
443,1474,1
1053,1474,1
1863,1475,1
610,1475,1
1031,1475,1
714,1475,1
1562,1475,1
345,1475,1
1844,1475,1
1421,1475,1
311,1475,1
1419,1475,1
950,1475,1
1113,1475,1
1766,1475,1
779,1475,1
314,1475,1
2351,1475,1
2293,1475,1
1259,1475,1
1071,1476,1
1844,1476,1
1844,1477,1
173,1478,1
212,1478,1
2306,1478,1
401,1478,1
417,1478,1
1845,1478,1
1471,1478,1
1878,1478,1
2323,1478,1
2134,1478,1
634,1478,1
1583,1478,1
886,1478,1
2000,1478,1
1387,1479,1
2220,1479,1
1293,1480,1
714,1480,1
2204,1480,1
2338,1480,1
4,1480,1
1787,1480,1
1798,1480,1
1522,1480,1
1357,1480,1
1774,1480,1
372,1480,1
1275,1480,1
47,1480,1
1954,1480,1
2344,1480,1
421,1480,1
2292,1480,1
1783,1481,1
1844,1481,1
1446,1481,1
1863,1482,1
640,1482,1
1438,1482,1
1218,1482,1
345,1482,1
1997,1482,1
569,1482,1
1985,1482,1
1113,1482,1
173,1483,1
1829,1483,1
1006,1483,1
2106,1484,1
1142,1484,1
1483,1484,1
2368,1484,1
578,1484,1
2142,1484,1
1867,1484,1
2040,1485,1
1784,1485,1
1052,1485,1
1242,1485,1
1867,1485,1
1053,1485,1
1316,1485,1
2009,1486,1
1166,1486,1
569,1486,1
1784,1487,1
545,1487,1
303,1487,1
1178,1487,1
94,1487,1
1770,1487,1
2197,1487,1
2324,1487,1
327,1487,1
2288,1487,1
1725,1487,1
1719,1487,1
2312,1488,1
1948,1488,1
892,1488,1
2310,1488,1
99,1488,1
1558,1488,1
2218,1488,1
1706,1488,1
2354,1488,1
214,1488,1
1644,1488,1
725,1488,1
992,1488,1
564,1488,1
2040,1489,1
1105,1489,1
1792,1489,1
540,1489,1
920,1489,1
1732,1490,1
23,1491,1
1512,1491,1
670,1492,1
1404,1492,1
1953,1492,1
1988,1492,1
345,1492,1
1308,1492,1
1148,1492,1
950,1492,1
1113,1492,1
1961,1492,1
779,1492,1
861,1492,1
1926,1492,1
2293,1492,1
1053,1493,1
2106,1493,1
1769,1493,1
1142,1493,1
368,1493,1
127,1493,1
49,1493,1
2368,1493,1
578,1493,1
2142,1493,1
681,1493,1
544,1493,1
1867,1493,1
690,1494,1
1836,1494,1
2114,1495,1
2182,1495,1
32,1495,1
1131,1495,1
2038,1495,1
794,1495,1
1919,1495,1
487,1495,1
1512,1495,1
2239,1495,1
619,1495,1
1644,1495,1
314,1495,1
819,1496,1
448,1496,1
1461,1497,1
521,1498,1
2165,1498,1
1783,1498,1
2220,1498,1
2340,1498,1
210,1498,1
2312,1498,1
1105,1498,1
1059,1498,1
2122,1498,1
356,1498,1
1206,1498,1
2051,1498,1
682,1498,1
69,1498,1
574,1498,1
2000,1498,1
1655,1498,1
2194,1498,1
1567,1498,1
1110,1498,1
1624,1498,1
1510,1498,1
771,1498,1
1791,1498,1
1818,1498,1
680,1499,1
739,1500,1
135,1500,1
2118,1500,1
2058,1500,1
1767,1500,1
1128,1500,1
1074,1501,1
1266,1501,1
1844,1501,1
421,1501,1
1844,1502,1
2011,1503,1
1515,1503,1
65,1503,1
1120,1503,1
127,1503,1
582,1503,1
277,1503,1
915,1503,1
2057,1503,1
1192,1503,1
1062,1503,1
610,1504,1
610,1505,1
1255,1505,1
1266,1505,1
1844,1505,1
1366,1505,1
1228,1505,1
1844,1506,1
1128,1506,1
540,1506,1
2220,1507,1
2317,1507,1
654,1508,1
187,1509,1
2218,1509,1
2100,1509,1
1071,1510,1
1281,1510,1
1960,1510,1
435,1510,1
1021,1510,1
1844,1510,1
1799,1511,1
1844,1512,1
1071,1513,1
1216,1514,1
2009,1514,1
1166,1514,1
2344,1514,1
2091,1514,1
1413,1515,1
1483,1515,1
399,1515,1
448,1516,1
533,1517,1
830,1517,1
1690,1517,1
1933,1517,1
2062,1517,1
585,1517,1
1082,1517,1
1829,1517,1
1784,1517,1
2324,1517,1
1725,1517,1
1097,1517,1
2249,1517,1
1001,1517,1
1747,1517,1
1767,1517,1
1288,1517,1
271,1518,1
629,1518,1
729,1518,1
302,1518,1
929,1518,1
1919,1518,1
1847,1518,1
2184,1518,1
2343,1518,1
1053,1518,1
710,1518,1
2075,1518,1
2239,1518,1
1537,1518,1
835,1518,1
864,1518,1
448,1518,1
1874,1518,1
1960,1518,1
815,1518,1
714,1518,1
1001,1518,1
214,1518,1
195,1518,1
1249,1518,1
1010,1518,1
1457,1518,1
574,1518,1
1468,1518,1
1265,1518,1
914,1518,1
1818,1518,1
1827,1518,1
1752,1518,1
303,1519,1
186,1519,1
415,1520,1
830,1520,1
303,1520,1
924,1520,1
2290,1520,1
794,1520,1
1966,1520,1
2383,1520,1
263,1520,1
797,1520,1
1261,1520,1
1767,1520,1
1476,1520,1
2347,1520,1
1068,1520,1
437,1520,1
1001,1520,1
714,1520,1
1249,1520,1
1624,1520,1
1497,1520,1
2422,1520,1
1671,1520,1
506,1520,1
1844,1521,1
1501,1521,1
2392,1522,1
1053,1523,1
1142,1523,1
1849,1523,1
127,1523,1
1483,1523,1
49,1523,1
2368,1523,1
483,1523,1
420,1523,1
681,1523,1
544,1523,1
1321,1524,1
2231,1524,1
1084,1524,1
1444,1525,1
2335,1525,1
198,1525,1
1321,1525,1
2075,1525,1
1084,1525,1
2101,1525,1
1605,1525,1
1342,1525,1
785,1525,1
1144,1525,1
368,1525,1
1784,1525,1
1747,1525,1
162,1525,1
1483,1525,1
332,1525,1
1549,1525,1
957,1525,1
1279,1525,1
1589,1525,1
736,1525,1
73,1525,1
1075,1525,1
702,1525,1
1927,1525,1
2366,1525,1
1080,1525,1
1028,1525,1
261,1525,1
329,1525,1
717,1525,1
147,1525,1
1671,1525,1
862,1525,1
1400,1525,1
279,1525,1
2417,1526,1
2217,1526,1
1128,1526,1
155,1526,1
92,1527,1
1346,1527,1
135,1528,1
2137,1528,1
1038,1528,1
1892,1528,1
2090,1529,1
329,1529,1
965,1530,1
127,1530,1
86,1530,1
1025,1530,1
2157,1530,1
370,1531,1
1787,1531,1
1128,1532,1
1521,1533,1
283,1533,1
454,1534,1
1787,1534,1
629,1534,1
1492,1534,1
300,1534,1
198,1534,1
1325,1535,1
135,1536,1
681,1537,1
841,1538,1
889,1538,1
1377,1538,1
1844,1538,1
1264,1538,1
943,1538,1
810,1538,1
1791,1538,1
1253,1538,1
435,1538,1
173,1539,1
567,1539,1
127,1539,1
718,1539,1
853,1539,1
1654,1539,1
417,1539,1
630,1539,1
478,1540,1
2292,1540,1
892,1541,1
1168,1541,1
1635,1541,1
438,1541,1
600,1541,1
719,1541,1
1744,1542,1
92,1542,1
549,1542,1
2300,1542,1
959,1542,1
2343,1542,1
1158,1542,1
1387,1542,1
4,1542,1
2227,1542,1
2412,1542,1
1512,1542,1
1587,1542,1
2294,1542,1
2284,1542,1
920,1542,1
1075,1542,1
1770,1542,1
352,1542,1
1689,1542,1
588,1542,1
593,1542,1
2280,1542,1
141,1542,1
2361,1542,1
263,1542,1
219,1542,1
1467,1542,1
201,1542,1
1503,1542,1
600,1542,1
1869,1542,1
1215,1542,1
1708,1542,1
437,1542,1
1383,1542,1
1661,1542,1
225,1542,1
1444,1542,1
2295,1542,1
1790,1542,1
1965,1542,1
1578,1542,1
1971,1542,1
1151,1542,1
287,1542,1
1589,1542,1
916,1542,1
2382,1542,1
1623,1542,1
2425,1542,1
608,1542,1
1525,1542,1
1515,1542,1
1197,1542,1
525,1543,1
1628,1543,1
455,1543,1
816,1543,1
1376,1543,1
283,1543,1
1872,1543,1
1053,1543,1
301,1543,1
1033,1543,1
1606,1543,1
345,1543,1
880,1543,1
1961,1543,1
465,1543,1
2043,1543,1
1691,1543,1
1308,1543,1
1148,1543,1
1492,1543,1
779,1543,1
2021,1543,1
861,1543,1
1926,1543,1
2293,1543,1
1953,1543,1
2010,1543,1
1128,1544,1
582,1544,1
2375,1544,1
437,1544,1
629,1545,1
268,1545,1
1538,1546,1
2131,1547,1
2040,1548,1
370,1549,1
1071,1550,1
1128,1550,1
1867,1550,1
1844,1550,1
1780,1551,1
1346,1551,1
290,1551,1
729,1551,1
1032,1552,1
127,1552,1
179,1552,1
1523,1552,1
501,1552,1
27,1552,1
201,1552,1
458,1552,1
1043,1552,1
130,1552,1
2140,1552,1
944,1552,1
2220,1553,1
1844,1553,1
276,1554,1
1032,1555,1
127,1555,1
179,1555,1
1358,1555,1
955,1555,1
501,1555,1
592,1555,1
764,1555,1
2131,1555,1
2334,1555,1
458,1555,1
448,1555,1
1462,1555,1
1577,1555,1
1084,1556,1
1521,1557,1
1818,1557,1
629,1558,1
370,1558,1
173,1559,1
429,1559,1
1654,1559,1
2153,1559,1
401,1559,1
213,1559,1
489,1559,1
174,1559,1
886,1559,1
1789,1559,1
1265,1559,1
2000,1559,1
776,1560,1
1071,1561,1
1844,1561,1
1108,1562,1
293,1562,1
2414,1562,1
2009,1562,1
986,1562,1
1166,1562,1
1303,1562,1
1157,1562,1
1397,1562,1
2329,1562,1
241,1562,1
2091,1562,1
2220,1563,1
1624,1564,1
1683,1564,1
1021,1565,1
1844,1565,1
435,1565,1
1185,1565,1
761,1565,1
365,1565,1
1104,1566,1
1066,1566,1
773,1566,1
687,1567,1
196,1568,1
1061,1568,1
777,1568,1
667,1568,1
984,1568,1
2332,1568,1
1588,1568,1
328,1568,1
1545,1568,1
1692,1568,1
1167,1568,1
1003,1568,1
2365,1568,1
883,1568,1
1961,1568,1
1653,1568,1
64,1568,1
47,1568,1
945,1568,1
1284,1568,1
1195,1568,1
1985,1568,1
694,1568,1
1072,1568,1
2085,1568,1
736,1568,1
1994,1568,1
1364,1568,1
1459,1568,1
1897,1568,1
1286,1568,1
1067,1568,1
1867,1568,1
174,1568,1
851,1568,1
1014,1569,1
1444,1569,1
192,1569,1
777,1569,1
2031,1569,1
2417,1569,1
1003,1569,1
1142,1569,1
1800,1569,1
1672,1569,1
852,1569,1
1747,1569,1
162,1569,1
1483,1569,1
2076,1569,1
332,1569,1
173,1570,1
1913,1570,1
1731,1571,1
127,1571,1
2157,1571,1
1272,1572,1
88,1572,1
1162,1572,1
1714,1572,1
953,1572,1
1474,1572,1
64,1572,1
2085,1572,1
1421,1572,1
1529,1572,1
664,1572,1
2266,1572,1
1578,1572,1
261,1572,1
240,1572,1
1432,1572,1
1662,1572,1
413,1572,1
1805,1572,1
863,1572,1
1024,1572,1
1589,1572,1
100,1572,1
1623,1572,1
1323,1572,1
1863,1573,1
1311,1574,1
2011,1574,1
1980,1574,1
496,1574,1
1196,1574,1
1919,1574,1
127,1574,1
714,1574,1
2198,1574,1
835,1574,1
967,1574,1
1010,1574,1
1721,1574,1
184,1574,1
186,1575,1
2036,1576,1
610,1576,1
1330,1577,1
619,1577,1
88,1578,1
1892,1578,1
507,1578,1
494,1578,1
82,1578,1
1787,1578,1
1921,1578,1
2159,1578,1
1657,1578,1
1446,1578,1
1749,1578,1
1074,1579,1
2036,1579,1
696,1579,1
1844,1580,1
707,1581,1
777,1581,1
920,1582,1
1786,1582,1
2290,1583,1
1030,1583,1
1919,1583,1
1795,1583,1
301,1583,1
17,1583,1
64,1583,1
1725,1583,1
229,1583,1
990,1583,1
600,1583,1
1644,1583,1
815,1583,1
1868,1583,1
2368,1583,1
2145,1583,1
1010,1583,1
175,1583,1
1961,1583,1
2102,1583,1
914,1583,1
1129,1583,1
737,1583,1
1061,1584,1
1653,1584,1
2331,1584,1
307,1584,1
1858,1584,1
659,1584,1
127,1584,1
1984,1584,1
1681,1584,1
2175,1584,1
2043,1584,1
1540,1584,1
851,1584,1
1722,1584,1
2011,1585,1
302,1585,1
142,1585,1
1304,1585,1
1466,1585,1
589,1585,1
1036,1585,1
1435,1585,1
115,1585,1
1465,1585,1
538,1585,1
2220,1586,1
2173,1586,1
2375,1586,1
437,1586,1
1128,1587,1
135,1588,1
706,1588,1
521,1589,1
1074,1589,1
1637,1589,1
1150,1589,1
356,1589,1
2051,1589,1
682,1589,1
344,1589,1
955,1589,1
648,1589,1
69,1589,1
2000,1589,1
1655,1589,1
233,1589,1
926,1590,1
1923,1590,1
1120,1590,1
127,1590,1
2271,1590,1
1650,1590,1
1168,1590,1
915,1590,1
155,1590,1
1877,1590,1
747,1590,1
121,1590,1
2126,1590,1
1501,1590,1
161,1590,1
429,1591,1
127,1591,1
490,1591,1
2323,1591,1
396,1591,1
448,1592,1
569,1592,1
1706,1592,1
1829,1593,1
127,1594,1
948,1595,1
540,1595,1
1061,1596,1
1216,1597,1
1133,1597,1
548,1597,1
1061,1598,1
1321,1598,1
1653,1598,1
1272,1599,1
1398,1599,1
2418,1599,1
1074,1599,1
1262,1599,1
1512,1599,1
1303,1599,1
1218,1599,1
1867,1599,1
1847,1599,1
90,1599,1
12,1599,1
161,1599,1
2250,1599,1
100,1599,1
1844,1599,1
303,1599,1
1024,1599,1
965,1600,1
2375,1600,1
437,1600,1
69,1600,1
1104,1601,1
267,1601,1
340,1602,1
419,1603,1
770,1603,1
1620,1603,1
1698,1603,1
2134,1603,1
1461,1603,1
1844,1603,1
1960,1603,1
2292,1603,1
1867,1603,1
1501,1603,1
851,1603,1
117,1603,1
1338,1603,1
357,1604,1
1754,1604,1
915,1604,1
2375,1604,1
1846,1604,1
1985,1604,1
868,1604,1
24,1604,1
1052,1605,1
1517,1606,1
2354,1606,1
1321,1607,1
630,1607,1
2349,1608,1
1933,1609,1
521,1609,1
677,1609,1
1909,1609,1
377,1609,1
800,1609,1
1836,1610,1
23,1611,1
1979,1612,1
2162,1613,1
1579,1613,1
649,1613,1
1341,1614,1
1787,1614,1
1071,1615,1
2310,1616,1
629,1617,1
1398,1617,1
2310,1617,1
808,1617,1
507,1617,1
2018,1617,1
90,1617,1
1612,1617,1
1544,1617,1
1316,1617,1
127,1618,1
179,1618,1
624,1618,1
924,1618,1
965,1618,1
1135,1618,1
1794,1618,1
501,1618,1
752,1618,1
1743,1619,1
889,1619,1
916,1619,1
1128,1620,1
1329,1620,1
1071,1621,1
889,1621,1
1844,1621,1
1000,1621,1
810,1621,1
88,1622,1
343,1622,1
507,1622,1
494,1622,1
1800,1622,1
2159,1622,1
1350,1622,1
78,1622,1
1446,1622,1
171,1622,1
1403,1622,1
846,1622,1
1190,1622,1
82,1623,1
507,1623,1
1322,1623,1
1732,1623,1
573,1623,1
507,1624,1
2287,1625,1
707,1626,1
1720,1626,1
1783,1626,1
340,1627,1
2170,1627,1
1517,1627,1
2162,1628,1
302,1628,1
1082,1628,1
1718,1628,1
639,1628,1
1831,1628,1
2075,1628,1
864,1628,1
1725,1628,1
448,1628,1
2378,1628,1
1435,1628,1
992,1628,1
1892,1629,1
1128,1629,1
1867,1629,1
2282,1629,1
1061,1630,1
2093,1630,1
2248,1630,1
268,1630,1
892,1630,1
423,1630,1
1844,1630,1
72,1630,1
701,1630,1
1846,1630,1
1140,1630,1
511,1630,1
248,1630,1
1722,1630,1
415,1631,1
559,1631,1
486,1631,1
794,1631,1
1919,1631,1
1795,1631,1
1010,1631,1
127,1631,1
1084,1631,1
785,1631,1
1787,1631,1
2218,1631,1
1960,1631,1
939,1631,1
714,1631,1
1868,1631,1
2263,1631,1
489,1631,1
1379,1631,1
244,1631,1
2102,1631,1
1055,1631,1
1400,1631,1
1752,1631,1
370,1632,1
340,1633,1
1844,1634,1
1128,1635,1
889,1635,1
1844,1635,1
1787,1635,1
774,1636,1
1046,1636,1
92,1637,1
1104,1638,1
2100,1638,1
448,1638,1
693,1638,1
127,1639,1
496,1639,1
787,1639,1
2328,1639,1
1787,1639,1
993,1639,1
221,1639,1
1161,1640,1
2040,1640,1
65,1640,1
2427,1640,1
1053,1640,1
1845,1641,1
1654,1641,1
553,1641,1
630,1641,1
1095,1642,1
948,1643,1
1009,1644,1
419,1644,1
2011,1644,1
1890,1644,1
324,1644,1
1373,1644,1
1128,1644,1
2002,1644,1
2085,1644,1
540,1644,1
90,1644,1
936,1644,1
1967,1644,1
1286,1644,1
1867,1644,1
174,1644,1
265,1644,1
100,1644,1
184,1644,1
437,1645,1
1061,1646,1
1329,1646,1
1001,1646,1
2375,1646,1
437,1646,1
1074,1647,1
1038,1647,1
1767,1647,1
2266,1647,1
2165,1648,1
2220,1648,1
1084,1649,1
714,1649,1
1731,1649,1
1379,1649,1
2424,1649,1
1061,1650,1
2220,1650,1
1233,1651,1
435,1651,1
1128,1651,1
889,1651,1
1844,1651,1
739,1652,1
2211,1652,1
303,1652,1
2294,1652,1
507,1652,1
2245,1652,1
2233,1652,1
1208,1652,1
1151,1652,1
1024,1652,1
100,1652,1
1844,1652,1
1515,1652,1
1863,1653,1
629,1654,1
2143,1654,1
1233,1654,1
1416,1654,1
2404,1654,1
392,1654,1
482,1654,1
1010,1654,1
2147,1654,1
1815,1654,1
731,1654,1
2273,1654,1
127,1655,1
1459,1655,1
1787,1655,1
993,1655,1
1104,1656,1
267,1656,1
1120,1657,1
1650,1657,1
582,1657,1
155,1657,1
1844,1657,1
2043,1657,1
1446,1657,1
121,1657,1
276,1658,1
2162,1658,1
2011,1659,1
2211,1659,1
1116,1659,1
1413,1659,1
264,1659,1
1053,1659,1
127,1659,1
311,1659,1
229,1659,1
1506,1659,1
1874,1659,1
815,1659,1
1001,1659,1
1644,1659,1
1010,1659,1
714,1659,1
1067,1659,1
1952,1659,1
1015,1660,1
1327,1660,1
1707,1660,1
2075,1660,1
364,1660,1
1716,1660,1
578,1660,1
619,1660,1
1904,1660,1
2421,1661,1
1104,1662,1
321,1662,1
1272,1663,1
92,1663,1
1962,1663,1
705,1663,1
1699,1663,1
2080,1663,1
1387,1663,1
1211,1663,1
2227,1663,1
1512,1663,1
1474,1663,1
645,1663,1
2294,1663,1
144,1663,1
2361,1663,1
2305,1663,1
1729,1663,1
1725,1663,1
1846,1663,1
784,1663,1
1100,1663,1
600,1663,1
2312,1663,1
1103,1663,1
1754,1663,1
2233,1663,1
2018,1663,1
1488,1663,1
1708,1663,1
409,1663,1
1377,1663,1
1790,1663,1
1965,1663,1
172,1663,1
1208,1663,1
413,1663,1
1805,1663,1
287,1663,1
1098,1663,1
2284,1663,1
2400,1663,1
1084,1663,1
100,1663,1
1844,1663,1
1480,1663,1
1904,1663,1
1843,1663,1
2130,1663,1
2217,1664,1
816,1664,1
1617,1664,1
1844,1664,1
1071,1665,1
1950,1666,1
1791,1666,1
2188,1667,1
707,1668,1
1037,1669,1
415,1669,1
1712,1669,1
1841,1669,1
486,1669,1
1978,1669,1
1196,1669,1
456,1669,1
1074,1669,1
45,1669,1
585,1669,1
169,1669,1
2262,1669,1
2324,1669,1
569,1669,1
1767,1669,1
1471,1669,1
2376,1669,1
835,1669,1
160,1669,1
714,1669,1
1435,1669,1
1009,1669,1
2055,1669,1
839,1669,1
1965,1669,1
1497,1669,1
2005,1669,1
457,1669,1
252,1669,1
499,1669,1
2346,1669,1
1265,1669,1
2130,1669,1
1913,1670,1
1870,1670,1
31,1670,1
1789,1670,1
1071,1671,1
629,1672,1
2393,1672,1
1032,1673,1
2334,1673,1
179,1673,1
1226,1673,1
1223,1673,1
924,1673,1
752,1673,1
785,1673,1
1546,1673,1
1051,1673,1
458,1673,1
1462,1673,1
1246,1673,1
1074,1673,1
909,1673,1
2140,1673,1
519,1673,1
554,1673,1
1535,1673,1
2217,1674,1
1844,1674,1
353,1675,1
2051,1675,1
2340,1675,1
1059,1675,1
1985,1675,1
1844,1675,1
69,1675,1
1655,1675,1
1110,1675,1
1791,1675,1
944,1675,1
2131,1675,1
1799,1676,1
1321,1676,1
1084,1676,1
1853,1677,1
1345,1677,1
135,1677,1
1421,1677,1
1211,1677,1
2210,1677,1
1268,1677,1
1037,1677,1
576,1677,1
1084,1677,1
2362,1677,1
1075,1677,1
75,1677,1
1300,1677,1
165,1677,1
990,1677,1
206,1677,1
957,1677,1
1732,1677,1
547,1677,1
2103,1677,1
2387,1677,1
827,1677,1
1265,1677,1
1426,1677,1
457,1677,1
445,1677,1
2137,1678,1
1497,1678,1
2211,1678,1
1533,1678,1
2364,1678,1
507,1678,1
1541,1678,1
2233,1678,1
1836,1678,1
2033,1678,1
2284,1678,1
931,1679,1
1523,1680,1
2424,1681,1
2133,1681,1
394,1681,1
863,1681,1
1053,1682,1
2011,1683,1
1071,1684,1
1471,1684,1
1844,1684,1
415,1685,1
1319,1685,1
866,1685,1
1767,1685,1
299,1686,1
533,1687,1
2220,1687,1
1844,1688,1
810,1688,1
2281,1689,1
260,1689,1
2383,1690,1
1794,1690,1
955,1690,1
344,1690,1
69,1690,1
1655,1690,1
1510,1690,1
2131,1690,1
1680,1691,1
1061,1692,1
183,1692,1
1787,1692,1
1061,1693,1
1901,1693,1
892,1694,1
220,1694,1
2100,1694,1
1083,1695,1
1421,1695,1
415,1695,1
1120,1695,1
2217,1695,1
729,1695,1
1471,1695,1
957,1695,1
929,1695,1
1695,1695,1
2055,1695,1
1795,1695,1
1236,1695,1
2324,1695,1
2239,1695,1
1999,1695,1
915,1695,1
1844,1695,1
1534,1695,1
600,1695,1
127,1695,1
785,1695,1
864,1695,1
1001,1695,1
1053,1695,1
1861,1695,1
1787,1695,1
835,1695,1
229,1695,1
1212,1695,1
1247,1695,1
493,1695,1
1075,1695,1
714,1695,1
1644,1695,1
448,1695,1
1960,1695,1
1874,1695,1
1010,1695,1
815,1695,1
2379,1695,1
2368,1695,1
489,1695,1
1033,1695,1
366,1695,1
535,1695,1
544,1695,1
766,1695,1
914,1695,1
650,1695,1
1752,1695,1
1234,1695,1
1074,1696,1
2036,1696,1
774,1697,1
1071,1697,1
2321,1698,1
1128,1698,1
889,1698,1
810,1698,1
540,1698,1
1471,1699,1
2159,1699,1
714,1699,1
434,1700,1
1714,1700,1
2080,1700,1
62,1700,1
1227,1700,1
491,1700,1
64,1700,1
430,1700,1
890,1700,1
796,1700,1
743,1700,1
2036,1700,1
2250,1700,1
224,1700,1
2096,1700,1
2135,1700,1
1273,1700,1
1564,1700,1
1515,1700,1
2273,1700,1
2220,1701,1
1965,1702,1
96,1702,1
1867,1702,1
2159,1702,1
1707,1703,1
1175,1703,1
1844,1703,1
600,1703,1
2040,1704,1
1483,1704,1
1316,1704,1
2284,1704,1
1071,1705,1
1084,1706,1
1738,1706,1
507,1706,1
2369,1706,1
2361,1706,1
1421,1706,1
1677,1706,1
977,1707,1
2264,1707,1
2113,1707,1
186,1707,1
2151,1707,1
685,1707,1
989,1707,1
1300,1707,1
540,1707,1
957,1707,1
951,1707,1
1001,1707,1
252,1707,1
1265,1707,1
2253,1707,1
774,1708,1
1781,1708,1
2168,1708,1
825,1708,1
2062,1708,1
264,1708,1
302,1708,1
2121,1708,1
710,1708,1
1831,1708,1
1725,1708,1
1097,1708,1
1985,1708,1
1961,1708,1
864,1708,1
437,1708,1
57,1708,1
2023,1708,1
1053,1708,1
1471,1708,1
1234,1708,1
992,1708,1
2321,1709,1
1233,1709,1
928,1709,1
328,1709,1
1274,1709,1
215,1709,1
1844,1709,1
1396,1709,1
1306,1710,1
2155,1710,1
491,1710,1
577,1710,1
2100,1710,1
2218,1710,1
1313,1710,1
1062,1710,1
1407,1710,1
85,1710,1
795,1710,1
448,1710,1
847,1710,1
2266,1710,1
1251,1710,1
1973,1710,1
1403,1710,1
1377,1710,1
2216,1710,1
865,1710,1
2250,1710,1
914,1710,1
1632,1711,1
1084,1712,1
892,1712,1
303,1712,1
486,1712,1
1775,1712,1
364,1712,1
1053,1712,1
589,1712,1
1919,1712,1
268,1713,1
1061,1713,1
1844,1713,1
66,1714,1
1844,1715,1
707,1716,1
1786,1717,1
1524,1717,1
2040,1717,1
889,1717,1
1053,1717,1
357,1717,1
2085,1717,1
1643,1717,1
540,1717,1
805,1717,1
279,1717,1
895,1718,1
2409,1718,1
173,1719,1
127,1719,1
401,1719,1
932,1719,1
2134,1719,1
1789,1719,1
920,1720,1
1275,1720,1
127,1720,1
1844,1720,1
203,1720,1
1643,1720,1
1787,1721,1
629,1721,1
1071,1722,1
1787,1723,1
2114,1724,1
1690,1724,1
276,1724,1
249,1725,1
606,1726,1
324,1726,1
1058,1726,1
1335,1726,1
2304,1726,1
785,1726,1
1896,1726,1
1985,1726,1
1128,1727,1
1844,1727,1
127,1728,1
2114,1729,1
1224,1729,1
1053,1730,1
1298,1731,1
1421,1731,1
1387,1731,1
1471,1731,1
229,1731,1
714,1731,1
1874,1731,1
1332,1731,1
1952,1731,1
2405,1732,1
303,1732,1
1853,1732,1
2031,1732,1
108,1732,1
2317,1732,1
127,1732,1
226,1732,1
1747,1732,1
1483,1732,1
1892,1732,1
1703,1732,1
2368,1732,1
1242,1732,1
1757,1732,1
578,1732,1
2142,1732,1
1028,1732,1
2367,1732,1
2284,1732,1
1456,1733,1
1781,1733,1
1783,1733,1
1892,1733,1
2405,1733,1
2310,1733,1
1767,1733,1
2383,1733,1
813,1733,1
1053,1733,1
1483,1733,1
2145,1733,1
2209,1733,1
1023,1733,1
1084,1734,1
1015,1735,1
2304,1735,1
2038,1736,1
2025,1736,1
230,1737,1
569,1737,1
1706,1737,1
135,1738,1
1844,1738,1
2159,1738,1
194,1739,1
2369,1739,1
1604,1739,1
494,1739,1
1963,1739,1
2159,1739,1
632,1739,1
617,1739,1
2195,1739,1
846,1739,1
308,1739,1
1492,1739,1
2244,1739,1
1483,1739,1
260,1740,1
1196,1740,1
630,1740,1
610,1741,1
357,1741,1
491,1742,1
1128,1742,1
1686,1742,1
2173,1742,1
494,1742,1
2375,1742,1
437,1742,1
1125,1742,1
2424,1743,1
957,1743,1
2317,1743,1
1295,1743,1
1658,1743,1
2220,1744,1
1128,1745,1
1844,1745,1
592,1746,1
127,1746,1
179,1746,1
924,1746,1
955,1746,1
2334,1746,1
2166,1746,1
1462,1746,1
504,1746,1
2140,1746,1
2192,1746,1
1214,1746,1
1043,1746,1
2183,1746,1
2249,1747,1
1876,1747,1
2089,1748,1
2040,1749,1
1738,1750,1
1604,1750,1
1862,1750,1
2159,1750,1
1446,1750,1
1906,1750,1
1075,1750,1
796,1751,1
187,1751,1
1311,1752,1
2137,1752,1
629,1752,1
1515,1752,1
2342,1752,1
1851,1752,1
84,1752,1
491,1752,1
1307,1752,1
1168,1752,1
955,1752,1
482,1752,1
230,1752,1
796,1752,1
1383,1752,1
193,1752,1
12,1752,1
2006,1752,1
2389,1752,1
245,1752,1
1564,1752,1
1844,1752,1
754,1752,1
230,1753,1
1706,1753,1
448,1753,1
448,1754,1
763,1755,1
1325,1755,1
328,1755,1
521,1755,1
268,1756,1
1985,1756,1
37,1756,1
1604,1757,1
2148,1757,1
1446,1757,1
1881,1757,1
2009,1758,1
1166,1758,1
1216,1758,1
1844,1758,1
1031,1758,1
2344,1758,1
2329,1758,1
435,1758,1
2091,1758,1
1844,1759,1
1787,1759,1
2113,1760,1
1128,1761,1
1747,1761,1
1844,1761,1
127,1762,1
2220,1762,1
696,1763,1
1074,1763,1
1819,1763,1
1071,1764,1
1844,1764,1
920,1765,1
1421,1765,1
1844,1766,1
135,1767,1
2111,1767,1
770,1768,1
1128,1768,1
946,1768,1
1084,1768,1
1461,1768,1
2217,1769,1
1844,1769,1
2220,1770,1
1533,1771,1
1784,1771,1
1218,1771,1
1903,1771,1
540,1771,1
1152,1771,1
840,1771,1
2170,1771,1
1483,1771,1
1191,1771,1
2089,1772,1
1786,1773,1
69,1773,1
696,1774,1
1980,1774,1
1782,1774,1
1314,1774,1
1255,1774,1
711,1774,1
1695,1774,1
1070,1774,1
2036,1774,1
704,1774,1
421,1774,1
2266,1774,1
1053,1774,1
523,1774,1
536,1774,1
108,1775,1
212,1775,1
1827,1775,1
386,1776,1
1871,1776,1
2324,1776,1
1767,1776,1
140,1776,1
2382,1776,1
1213,1776,1
714,1776,1
1646,1776,1
1501,1776,1
1204,1776,1
1249,1776,1
2282,1776,1
244,1776,1
944,1776,1
1648,1776,1
693,1776,1
2011,1777,1
629,1777,1
16,1777,1
1071,1778,1
293,1779,1
2009,1779,1
1166,1779,1
108,1779,1
455,1779,1
1622,1779,1
237,1779,1
2220,1780,1
1933,1781,1
454,1781,1
521,1781,1
324,1781,1
1909,1781,1
2037,1781,1
2125,1781,1
1438,1782,1
1971,1782,1
158,1782,1
813,1782,1
1919,1782,1
301,1782,1
2324,1782,1
1658,1782,1
1844,1782,1
2028,1782,1
714,1782,1
659,1782,1
166,1782,1
657,1782,1
1716,1782,1
1725,1782,1
1247,1782,1
437,1782,1
722,1782,1
1644,1782,1
1977,1782,1
2145,1782,1
2288,1782,1
1961,1782,1
279,1782,1
1844,1783,1
2274,1784,1
1589,1784,1
2100,1784,1
395,1784,1
1389,1784,1
502,1784,1
1242,1784,1
920,1784,1
2111,1784,1
1379,1785,1
1844,1785,1
1121,1785,1
892,1786,1
957,1786,1
1919,1786,1
127,1786,1
785,1786,1
1063,1786,1
1960,1786,1
1644,1786,1
829,1787,1
47,1787,1
2308,1787,1
2196,1787,1
1366,1787,1
1456,1788,1
629,1788,1
1333,1788,1
783,1788,1
714,1788,1
1443,1788,1
1272,1789,1
1310,1789,1
953,1789,1
507,1789,1
1309,1789,1
2245,1789,1
1867,1789,1
743,1789,1
173,1790,1
1128,1791,1
695,1791,1
629,1792,1
1784,1792,1
1053,1792,1
2383,1792,1
547,1792,1
978,1792,1
1741,1792,1
1383,1792,1
1820,1792,1
1075,1792,1
399,1792,1
297,1792,1
1671,1792,1
2346,1792,1
1332,1792,1
1579,1793,1
429,1794,1
935,1794,1
1684,1794,1
2153,1794,1
853,1794,1
1845,1794,1
1015,1795,1
1863,1795,1
283,1795,1
1061,1796,1
158,1797,1
1725,1797,1
1800,1797,1
864,1797,1
1561,1797,1
933,1797,1
497,1797,1
1895,1797,1
737,1797,1
1084,1798,1
2084,1799,1
1084,1799,1
2298,1799,1
658,1799,1
138,1799,1
217,1799,1
1232,1799,1
1933,1800,1
1844,1800,1
1842,1800,1
521,1800,1
324,1800,1
1909,1800,1
800,1800,1
522,1800,1
2220,1801,1
1121,1802,1
2292,1802,1
2011,1803,1
1006,1804,1
2213,1804,1
1222,1804,1
1027,1804,1
2134,1804,1
396,1804,1
1653,1804,1
1789,1804,1
293,1805,1
2009,1805,1
142,1805,1
1216,1805,1
90,1805,1
1617,1806,1
1844,1806,1
810,1806,1
1977,1806,1
1264,1806,1
2282,1806,1
1829,1807,1
1787,1808,1
965,1809,1
1071,1810,1
103,1810,1
919,1810,1
2348,1810,1
1844,1810,1
629,1811,1
507,1811,1
2100,1811,1
201,1811,1
448,1811,1
437,1811,1
2295,1811,1
12,1811,1
1411,1811,1
1701,1811,1
1061,1812,1
1229,1813,1
1032,1814,1
1246,1814,1
179,1814,1
1074,1814,1
2051,1814,1
924,1814,1
1462,1814,1
94,1814,1
965,1814,1
1135,1814,1
501,1814,1
2159,1815,1
1936,1816,1
1240,1816,1
357,1816,1
1706,1816,1
950,1816,1
1113,1816,1
779,1816,1
1961,1816,1
1926,1816,1
1766,1816,1
1148,1816,1
2293,1816,1
1856,1816,1
1071,1817,1
2317,1817,1
496,1818,1
37,1818,1
1335,1818,1
2100,1819,1
1933,1820,1
324,1820,1
521,1820,1
2125,1820,1
1533,1821,1
904,1821,1
358,1821,1
1242,1821,1
2284,1821,1
2220,1822,1
1816,1823,1
1071,1824,1
2369,1825,1
1604,1825,1
1446,1825,1
1395,1825,1
1265,1825,1
1948,1826,1
127,1827,1
1471,1828,1
629,1828,1
2220,1828,1
2062,1828,1
794,1828,1
600,1828,1
1644,1828,1
714,1828,1
1220,1828,1
737,1828,1
564,1828,1
1653,1829,1
2306,1829,1
1006,1829,1
127,1829,1
630,1829,1
303,1830,1
430,1830,1
437,1830,1
214,1830,1
1053,1831,1
2210,1831,1
794,1831,1
357,1831,1
2249,1831,1
630,1831,1
490,1831,1
2375,1831,1
540,1831,1
108,1832,1
650,1832,1
2011,1833,1
2174,1833,1
1919,1833,1
1010,1833,1
1053,1833,1
127,1833,1
1303,1833,1
1558,1833,1
815,1833,1
933,1833,1
257,1833,1
1047,1833,1
1704,1833,1
775,1834,1
707,1834,1
2220,1835,1
2158,1836,1
1164,1836,1
1221,1836,1
1218,1837,1
435,1837,1
1844,1837,1
1316,1837,1
419,1838,1
1061,1838,1
127,1838,1
1844,1838,1
2043,1838,1
331,1838,1
82,1838,1
701,1838,1
1061,1839,1
892,1839,1
2220,1840,1
1786,1841,1
2264,1841,1
1732,1842,1
1341,1843,1
629,1843,1
1787,1843,1
2093,1844,1
1412,1844,1
1061,1844,1
701,1844,1
2036,1844,1
2220,1845,1
127,1846,1
2220,1846,1
787,1846,1
2058,1846,1
309,1846,1
1459,1846,1
445,1846,1
838,1846,1
805,1846,1
1844,1847,1
2220,1848,1
1787,1849,1
389,1850,1
1658,1850,1
1426,1850,1
1791,1850,1
1047,1850,1
1128,1851,1
582,1851,1
357,1851,1
2375,1851,1
437,1851,1
1846,1851,1
2220,1852,1
1867,1853,1
2159,1853,1
92,1854,1
1863,1854,1
2009,1855,1
1819,1855,1
1166,1855,1
569,1855,1
2344,1855,1
435,1855,1
1743,1856,1
540,1856,1
2220,1857,1
1568,1858,1
135,1858,1
1312,1858,1
22,1858,1
547,1858,1
2383,1858,1
1303,1858,1
1844,1858,1
431,1858,1
399,1858,1
2264,1859,1
714,1859,1
685,1859,1
1924,1859,1
2178,1859,1
437,1860,1
946,1861,1
1128,1861,1
2220,1862,1
794,1863,1
2057,1863,1
540,1863,1
540,1864,1
0,1865,1
1786,1865,1
1242,1865,1
673,1865,1
139,1865,1
88,1866,1
135,1866,1
1330,1866,1
127,1867,1
948,1867,1
1787,1867,1
675,1867,1
448,1867,1
993,1867,1
1032,1868,1
521,1868,1
1335,1868,1
965,1868,1
1462,1868,1
1950,1868,1
130,1868,1
2011,1869,1
2126,1869,1
167,1869,1
2271,1869,1
1650,1869,1
155,1869,1
582,1869,1
1844,1869,1
207,1869,1
1877,1869,1
1446,1869,1
916,1869,1
121,1869,1
161,1869,1
86,1869,1
226,1870,1
920,1871,1
1171,1872,1
394,1872,1
2100,1872,1
863,1872,1
1844,1873,1
919,1873,1
1569,1873,1
127,1873,1
20,1873,1
1836,1874,1
1844,1875,1
589,1876,1
303,1876,1
2249,1876,1
755,1876,1
108,1876,1
2328,1876,1
920,1876,1
1512,1876,1
1966,1876,1
399,1876,1
2353,1876,1
244,1876,1
1952,1876,1
796,1877,1
490,1877,1
630,1877,1
896,1877,1
1456,1878,1
1609,1878,1
1933,1878,1
1777,1878,1
2328,1878,1
1312,1878,1
1725,1878,1
548,1878,1
1053,1878,1
115,1878,1
725,1878,1
1071,1879,1
80,1880,1
2220,1880,1
661,1880,1
201,1880,1
2381,1880,1
1882,1880,1
69,1880,1
606,1881,1
1896,1881,1
1844,1881,1
2085,1881,1
1985,1881,1
2020,1881,1
294,1881,1
851,1881,1
1084,1882,1
1128,1883,1
135,1884,1
88,1884,1
80,1885,1
1071,1885,1
2220,1886,1
135,1886,1
1293,1887,1
2249,1887,1
2344,1887,1
2338,1887,1
1894,1887,1
4,1887,1
1787,1887,1
2361,1887,1
1767,1887,1
1798,1887,1
201,1887,1
2159,1887,1
1357,1887,1
107,1887,1
1444,1887,1
2292,1887,1
372,1887,1
2071,1887,1
865,1887,1
1151,1887,1
2077,1887,1
1844,1888,1
456,1889,1
88,1889,1
188,1889,1
1516,1889,1
507,1889,1
1508,1889,1
2085,1889,1
2250,1889,1
2360,1889,1
1612,1889,1
544,1889,1
1844,1889,1
1071,1890,1
1844,1890,1
1787,1891,1
568,1892,1
84,1892,1
2066,1892,1
2220,1893,1
2062,1894,1
340,1894,1
2038,1894,1
458,1895,1
2264,1895,1
589,1895,1
738,1895,1
2227,1895,1
2312,1895,1
127,1895,1
226,1895,1
1483,1895,1
49,1895,1
368,1895,1
2368,1895,1
2142,1895,1
1028,1895,1
1128,1896,1
1462,1897,1
610,1898,1
905,1899,1
1071,1900,1
1844,1900,1
419,1901,1
2162,1901,1
1074,1901,1
1417,1901,1
989,1901,1
357,1901,1
1971,1901,1
1001,1901,1
760,1901,1
619,1901,1
1755,1901,1
1067,1901,1
127,1902,1
1933,1902,1
1909,1902,1
2037,1902,1
1844,1902,1
1984,1902,1
2259,1902,1
2296,1902,1
916,1902,1
1523,1903,1
204,1904,1
1053,1904,1
1128,1905,1
869,1905,1
127,1906,1
65,1906,1
1052,1906,1
201,1906,1
787,1906,1
993,1906,1
1844,1907,1
869,1907,1
1617,1908,1
196,1909,1
1844,1910,1
1787,1911,1
1074,1912,1
127,1913,1
2317,1913,1
1425,1914,1
2239,1914,1
540,1914,1
1836,1914,1
1075,1915,1
892,1915,1
2038,1915,1
1786,1915,1
2065,1915,1
127,1916,1
1844,1916,1
915,1916,1
1446,1916,1
1844,1917,1
2285,1918,1
2338,1918,1
165,1918,1
2239,1918,1
1972,1918,1
2099,1919,1
1255,1919,1
490,1919,1
630,1919,1
1658,1920,1
448,1920,1
1247,1920,1
2009,1921,1
1166,1921,1
2344,1921,1
135,1922,1
2220,1923,1
1463,1924,1
1515,1924,1
0,1924,1
1268,1924,1
2408,1924,1
1786,1924,1
260,1924,1
154,1924,1
540,1924,1
153,1924,1
1625,1924,1
1771,1925,1
610,1925,1
2038,1925,1
1936,1925,1
1240,1925,1
1112,1925,1
1117,1925,1
1606,1925,1
345,1925,1
2031,1925,1
950,1925,1
1113,1925,1
779,1925,1
1766,1925,1
1535,1925,1
861,1925,1
2293,1925,1
135,1926,1
2204,1927,1
1844,1928,1
1867,1929,1
1844,1929,1
1377,1930,1
2230,1930,1
1524,1931,1
268,1931,1
555,1931,1
1922,1931,1
1931,1931,1
1587,1931,1
356,1931,1
2397,1931,1
1844,1931,1
1498,1931,1
432,1931,1
1330,1932,1
610,1933,1
1844,1934,1
196,1935,1
1061,1935,1
2324,1935,1
68,1935,1
69,1935,1
898,1935,1
610,1936,1
127,1937,1
1933,1937,1
324,1937,1
2305,1937,1
2365,1937,1
2037,1937,1
1960,1937,1
1984,1937,1
2259,1937,1
1139,1937,1
1790,1937,1
1316,1937,1
1844,1938,1
195,1938,1
1492,1938,1
2237,1938,1
1353,1938,1
1234,1938,1
1065,1938,1
1867,1939,1
1854,1940,1
714,1940,1
920,1941,1
2421,1941,1
1836,1942,1
323,1943,1
1923,1943,1
1471,1943,1
919,1943,1
1844,1943,1
1569,1943,1
127,1943,1
1844,1944,1
1515,1945,1
1014,1945,1
127,1945,1
533,1946,1
1690,1946,1
1712,1946,1
1966,1946,1
164,1946,1
1767,1946,1
1156,1946,1
1725,1946,1
2156,1946,1
1265,1946,1
1061,1947,1
1722,1947,1
1128,1948,1
729,1948,1
540,1948,1
268,1949,1
127,1950,1
1933,1950,1
324,1950,1
1909,1950,1
2037,1950,1
714,1950,1
2296,1950,1
432,1950,1
2183,1950,1
1071,1951,1
1128,1951,1
419,1952,1
1061,1952,1
2220,1952,1
1311,1953,1
2317,1954,1
1844,1955,1
1844,1956,1
565,1956,1
1298,1957,1
1497,1957,1
92,1957,1
81,1957,1
88,1957,1
303,1957,1
409,1957,1
2227,1957,1
2294,1957,1
1958,1957,1
785,1957,1
2305,1957,1
642,1957,1
86,1957,1
482,1957,1
2085,1957,1
1515,1957,1
1522,1957,1
1775,1957,1
1844,1957,1
1753,1957,1
1867,1957,1
1540,1957,1
1977,1957,1
1444,1957,1
419,1958,1
283,1958,1
341,1958,1
2292,1958,1
1386,1958,1
1061,1959,1
341,1959,1
601,1959,1
1545,1960,1
889,1960,1
1844,1960,1
652,1961,1
2180,1961,1
963,1961,1
425,1961,1
593,1961,1
785,1961,1
229,1961,1
2075,1961,1
714,1961,1
1791,1961,1
1053,1961,1
399,1961,1
2391,1962,1
2332,1962,1
507,1962,1
2299,1962,1
2409,1962,1
419,1963,1
293,1963,1
567,1963,1
1695,1963,1
341,1963,1
989,1963,1
867,1963,1
490,1963,1
1484,1963,1
1846,1963,1
2409,1963,1
754,1963,1
1311,1964,1
1371,1964,1
1521,1964,1
1844,1965,1
1074,1966,1
1523,1966,1
1782,1966,1
2181,1966,1
2220,1967,1
1071,1968,1
1471,1969,1
892,1969,1
477,1969,1
2011,1969,1
1659,1969,1
976,1969,1
1545,1970,1
1844,1970,1
869,1970,1
610,1971,1
1844,1972,1
707,1973,1
1424,1973,1
540,1973,1
185,1973,1
230,1973,1
1933,1974,1
342,1974,1
324,1974,1
1909,1974,1
1363,1974,1
2037,1974,1
135,1975,1
1071,1976,1
521,1977,1
2011,1977,1
919,1977,1
1128,1977,1
2002,1977,1
1985,1977,1
540,1977,1
2307,1977,1
2288,1977,1
90,1977,1
754,1977,1
1867,1977,1
445,1977,1
174,1977,1
100,1977,1
1128,1978,1
1061,1979,1
1061,1980,1
1844,1981,1
1319,1982,1
2038,1982,1
1767,1982,1
1032,1983,1
2011,1983,1
521,1983,1
179,1983,1
1142,1983,1
501,1983,1
764,1983,1
2220,1984,1
629,1985,1
892,1985,1
2227,1985,1
662,1985,1
585,1985,1
1767,1985,1
1786,1985,1
1558,1985,1
1435,1985,1
1977,1985,1
297,1985,1
878,1985,1
2065,1985,1
2130,1985,1
1047,1985,1
897,1986,1
1771,1986,1
1524,1986,1
2288,1986,1
65,1986,1
1268,1986,1
2408,1986,1
1483,1986,1
201,1986,1
154,1986,1
1725,1986,1
863,1986,1
153,1986,1
2189,1986,1
1625,1986,1
848,1986,1
1971,1986,1
1844,1987,1
1844,1988,1
1583,1989,1
2261,1990,1
1275,1990,1
1090,1990,1
1945,1990,1
2091,1990,1
69,1990,1
610,1991,1
429,1992,1
610,1993,1
576,1993,1
222,1993,1
573,1993,1
547,1993,1
2103,1993,1
806,1994,1
460,1995,1
2323,1995,1
896,1995,1
1653,1996,1
1061,1996,1
1071,1997,1
1545,1997,1
253,1998,1
173,1999,1
429,1999,1
283,2000,1
1006,2001,1
1061,2002,1
540,2002,1
1844,2002,1
1387,2003,1
203,2004,1
1784,2004,1
1275,2004,1
1128,2005,1
2011,2006,1
518,2007,1
429,2008,1
1844,2009,1
681,2009,1
69,2009,1
540,2010,1
2011,2011,1
277,2011,1
621,2011,1
2155,2011,1
1062,2011,1
1844,2011,1
915,2011,1
1446,2011,1
2424,2012,1
1275,2012,1
707,2013,1
1712,2014,1
1800,2015,1
707,2015,1
1579,2015,1
1664,2015,1
445,2015,1
654,2016,1
2062,2016,1
2261,2016,1
324,2016,1
883,2016,1
1545,2016,1
357,2016,1
1993,2016,1
1598,2016,1
2223,2016,1
1787,2016,1
1961,2016,1
2085,2016,1
1985,2016,1
2175,2016,1
529,2016,1
1143,2016,1
1011,2016,1
174,2016,1
2067,2016,1
2413,2016,1
288,2016,1
403,2016,1
577,2016,1
1515,2016,1
616,2016,1
584,2016,1
1065,2016,1
1786,2017,1
829,2018,1
47,2018,1
1844,2018,1
1844,2019,1
1626,2020,1
1311,2020,1
2220,2021,1
66,2022,1
837,2023,1
1053,2023,1
1517,2023,1
958,2023,1
1844,2024,1
1844,2025,1
2148,2026,1
1446,2026,1
846,2026,1
1734,2026,1
564,2027,1
1296,2028,1
1844,2028,1
102,2029,1
1030,2029,1
836,2029,1
1377,2029,1
2196,2029,1
1725,2029,1
201,2029,1
1412,2029,1
714,2029,1
2368,2029,1
257,2029,1
1725,2030,1
1971,2030,1
887,2031,1
2100,2031,1
1471,2031,1
1644,2031,1
815,2031,1
1868,2031,1
1379,2031,1
55,2031,1
1752,2031,1
1061,2032,1
629,2033,1
370,2033,1
1787,2033,1
1867,2034,1
2159,2034,1
770,2035,1
1933,2035,1
2125,2035,1
1909,2035,1
1860,2035,1
1264,2035,1
522,2035,1
2352,2036,1
1088,2036,1
2035,2036,1
1885,2036,1
1240,2036,1
345,2036,1
717,2036,1
1446,2036,1
1926,2036,1
1028,2036,1
2302,2036,1
779,2036,1
2293,2036,1
1259,2036,1
1545,2037,1
1071,2037,1
2221,2038,1
429,2038,1
2220,2039,1
2012,2040,1
1489,2040,1
525,2040,1
429,2041,1
2221,2041,1
2134,2041,1
490,2041,1
2246,2041,1
2323,2041,1
2000,2041,1
629,2042,1
1311,2042,1
2146,2042,1
835,2042,1
1444,2042,1
1171,2042,1
794,2042,1
2173,2042,1
1985,2042,1
1984,2042,1
502,2042,1
560,2042,1
1448,2042,1
911,2042,1
648,2042,1
291,2042,1
1077,2042,1
1835,2042,1
1844,2043,1
540,2044,1
1342,2045,1
353,2045,1
1074,2045,1
2040,2046,1
65,2046,1
2427,2046,1
1844,2046,1
635,2046,1
175,2046,1
931,2047,1
1032,2048,1
127,2048,1
459,2048,1
1358,2048,1
501,2048,1
458,2048,1
1043,2048,1
1462,2048,1
648,2048,1
771,2048,1
324,2049,1
2220,2049,1
323,2050,1
1844,2050,1
2264,2051,1
1587,2051,1
413,2051,1
2220,2052,1
2220,2053,1
2220,2054,1
1128,2055,1
2321,2055,1
215,2055,1
324,2055,1
1218,2055,1
127,2055,1
1844,2055,1
1611,2056,1
1456,2056,1
629,2056,1
1892,2056,1
1333,2056,1
1767,2056,1
2249,2056,1
1961,2056,1
2028,2056,1
399,2056,1
1465,2056,1
610,2057,1
696,2058,1
1523,2058,1
1489,2058,1
2266,2058,1
785,2058,1
535,2058,1
2062,2059,1
2038,2059,1
2118,2059,1
1084,2059,1
820,2059,1
2100,2059,1
1787,2059,1
407,2060,1
1387,2060,1
589,2060,1
625,2061,1
606,2061,1
2062,2061,1
324,2061,1
1221,2061,1
919,2061,1
1128,2061,1
1844,2061,1
540,2061,1
1985,2061,1
1961,2061,1
2278,2061,1
1967,2061,1
758,2062,1
1653,2063,1
1311,2064,1
610,2065,1
2220,2066,1
788,2067,1
37,2068,1
2062,2069,1
435,2069,1
26,2070,1
1819,2070,1
507,2070,1
1247,2070,1
2246,2070,1
1844,2070,1
297,2070,1
774,2071,1
1296,2071,1
2220,2072,1
1844,2073,1
1233,2073,1
215,2073,1
1128,2073,1
2059,2073,1
127,2073,1
2220,2074,1
1333,2075,1
2230,2075,1
1767,2075,1
967,2075,1
1483,2075,1
173,2076,1
429,2076,1
37,2077,1
1985,2077,1
127,2078,1
1844,2078,1
2159,2079,1
556,2080,1
1515,2081,1
1844,2081,1
1890,2081,1
127,2081,1
1128,2081,1
610,2082,1
173,2083,1
429,2083,1
167,2084,1
1398,2084,1
562,2084,1
1698,2084,1
2134,2084,1
868,2084,1
1844,2084,1
2292,2084,1
688,2084,1
2077,2084,1
1501,2084,1
1892,2085,1
496,2086,1
787,2086,1
723,2086,1
993,2086,1
1960,2086,1
1592,2086,1
1952,2086,1
2011,2087,1
1515,2087,1
127,2087,1
1844,2087,1
1030,2088,1
142,2088,1
187,2088,1
1725,2088,1
1174,2088,1
214,2088,1
90,2088,1
714,2088,1
139,2088,1
2261,2089,1
679,2089,1
648,2089,1
1214,2089,1
69,2089,1
429,2090,1
2100,2091,1
485,2091,1
448,2091,1
1612,2091,1
435,2091,1
620,2091,1
437,2092,1
429,2093,1
1654,2093,1
2220,2094,1
2040,2095,1
1786,2095,1
1787,2095,1
1061,2096,1
920,2096,1
1413,2097,1
478,2097,1
1882,2097,1
2292,2097,1
1386,2097,1
1261,2098,1
1643,2098,1
681,2098,1
1550,2098,1
279,2098,1
1332,2098,1
214,2099,1
1160,2099,1
1471,2100,1
1844,2101,1
1253,2101,1
1603,2102,1
1512,2102,1
2294,2102,1
507,2102,1
2359,2102,1
263,2102,1
2382,2102,1
2245,2102,1
485,2102,1
1174,2102,1
448,2102,1
230,2102,1
437,2102,1
2295,2102,1
224,2102,1
445,2102,1
1575,2102,1
1653,2102,1
1403,2102,1
12,2102,1
2281,2103,1
490,2103,1
863,2103,1
394,2103,1
1456,2104,1
1512,2104,1
2156,2104,1
1831,2104,1
2239,2104,1
2354,2104,1
1319,2104,1
214,2104,1
1370,2104,1
523,2104,1
101,2105,1
2100,2105,1
1867,2105,1
540,2106,1
1844,2106,1
2189,2106,1
80,2107,1
2220,2107,1
419,2108,1
293,2108,1
630,2108,1
490,2108,1
754,2108,1
654,2109,1
2264,2110,1
1589,2110,1
610,2111,1
405,2111,1
173,2112,1
2333,2112,1
1128,2113,1
2011,2113,1
454,2113,1
303,2114,1
830,2114,1
1829,2114,1
892,2115,1
1319,2115,1
2313,2115,1
1053,2115,1
1960,2115,1
619,2115,1
2426,2115,1
80,2116,1
415,2117,1
830,2117,1
1767,2117,1
1319,2117,1
659,2117,1
2249,2117,1
1636,2117,1
1567,2117,1
1160,2117,1
37,2118,1
2117,2119,1
1719,2119,1
802,2119,1
80,2120,1
1409,2120,1
389,2120,1
179,2120,1
1600,2120,1
554,2120,1
2036,2120,1
810,2120,1
2000,2120,1
1377,2120,1
1791,2120,1
69,2120,1
1783,2121,1
1271,2121,1
1844,2121,1
1657,2121,1
1084,2122,1
66,2122,1
1311,2122,1
1511,2122,1
302,2122,1
196,2122,1
1795,2122,1
142,2122,1
1563,2122,1
802,2122,1
2209,2122,1
244,2122,1
415,2123,1
1236,2123,1
2418,2123,1
2230,2123,1
1919,2123,1
2167,2123,1
2035,2124,1
1953,2124,1
1988,2124,1
1001,2124,1
1502,2124,1
1419,2124,1
950,2124,1
1113,2124,1
1961,2124,1
779,2124,1
2293,2124,1
2220,2125,1
2313,2126,1
2383,2126,1
1221,2126,1
429,2127,1
1311,2128,1
1523,2129,1
1489,2129,1
1844,2130,1
695,2131,1
127,2132,1
1933,2132,1
324,2132,1
1909,2132,1
2037,2132,1
685,2132,1
1139,2132,1
1316,2132,1
787,2133,1
948,2133,1
1787,2133,1
675,2133,1
993,2133,1
2089,2133,1
445,2133,1
419,2134,1
521,2134,1
777,2134,1
883,2134,1
919,2134,1
1276,2134,1
1062,2134,1
2085,2134,1
2175,2134,1
1985,2134,1
1961,2134,1
519,2134,1
613,2134,1
1967,2134,1
529,2134,1
834,2134,1
1867,2134,1
445,2134,1
174,2134,1
100,2134,1
2413,2134,1
403,2134,1
221,2135,1
581,2135,1
1459,2135,1
1579,2136,1
435,2137,1
2162,2138,1
2009,2139,1
1166,2139,1
569,2139,1
2344,2139,1
763,2140,1
2011,2140,1
486,2140,1
2062,2140,1
2162,2140,1
1787,2140,1
1218,2140,1
1985,2140,1
911,2140,1
1745,2140,1
613,2140,1
754,2140,1
529,2140,1
297,2140,1
1911,2140,1
2009,2141,1
2220,2142,1
892,2143,1
135,2143,1
920,2143,1
429,2144,1
1142,2145,1
127,2145,1
341,2145,1
920,2145,1
311,2145,1
785,2145,1
647,2145,1
1960,2145,1
1502,2145,1
569,2145,1
1084,2145,1
716,2145,1
1328,2145,1
1288,2145,1
460,2145,1
61,2145,1
1023,2145,1
2276,2145,1
672,2145,1
875,2145,1
1803,2145,1
1219,2145,1
2233,2145,1
1715,2145,1
719,2145,1
5,2145,1
1280,2145,1
467,2145,1
1492,2145,1
1355,2145,1
894,2145,1
1570,2145,1
2309,2145,1
1047,2145,1
564,2145,1
1844,2146,1
419,2147,1
1261,2147,1
208,2147,1
710,2147,1
989,2147,1
1483,2147,1
1836,2147,1
2413,2147,1
1332,2147,1
2011,2148,1
84,2148,1
2155,2148,1
1587,2148,1
85,2148,1
448,2148,1
1278,2148,1
1844,2148,1
1208,2148,1
1758,2148,1
1323,2148,1
1844,2149,1
127,2149,1
1933,2149,1
2125,2149,1
324,2149,1
1363,2149,1
1139,2149,1
2259,2149,1
2126,2149,1
1467,2150,1
437,2150,1
297,2151,1
2220,2152,1
2162,2153,1
1844,2154,1
419,2155,1
196,2155,1
2417,2155,1
478,2155,1
429,2156,1
2298,2157,1
2103,2157,1
547,2157,1
957,2157,1
990,2157,1
489,2157,1
222,2157,1
71,2157,1
429,2158,1
1953,2159,1
1240,2159,1
1844,2159,1
814,2159,1
1540,2159,1
950,2159,1
1113,2159,1
1492,2159,1
1766,2159,1
779,2159,1
2293,2159,1
533,2160,1
2220,2160,1
2134,2161,1
630,2161,1
1377,2162,1
1235,2163,1
1789,2163,1
1844,2164,1
127,2165,1
167,2165,1
606,2166,1
1128,2167,1
1844,2167,1
1523,2168,1
1255,2168,1
785,2168,1
421,2168,1
1800,2169,1
155,2170,1
507,2171,1
2100,2171,1
1653,2172,1
919,2172,1
1844,2172,1
127,2172,1
1444,2173,1
142,2173,1
1844,2173,1
2382,2173,1
1080,2173,1
774,2174,1
127,2175,1
490,2175,1
349,2175,1
1235,2175,1
460,2175,1
1071,2176,1
1923,2176,1
919,2176,1
127,2176,1
1516,2177,1
913,2177,1
2305,2177,1
1612,2177,1
245,2177,1
329,2177,1
629,2178,1
919,2179,1
464,2179,1
920,2180,1
1844,2181,1
1030,2182,1
1290,2182,1
1523,2183,1
127,2183,1
2305,2183,1
610,2184,1
2011,2185,1
667,2185,1
1128,2185,1
47,2185,1
1584,2185,1
540,2185,1
519,2185,1
1760,2185,1
754,2185,1
529,2185,1
1867,2185,1
1911,2185,1
174,2185,1
100,2185,1
252,2185,1
37,2186,1
1985,2186,1
2271,2187,1
1844,2187,1
836,2188,1
946,2188,1
264,2188,1
1053,2188,1
1534,2188,1
667,2189,1
1531,2189,1
2338,2189,1
1406,2189,1
324,2189,1
1268,2189,1
2408,2189,1
883,2189,1
2275,2189,1
2085,2189,1
1985,2189,1
2175,2189,1
1074,2189,1
1377,2189,1
754,2189,1
529,2189,1
1067,2189,1
1867,2189,1
617,2189,1
174,2189,1
265,2189,1
100,2189,1
1197,2189,1
1311,2190,1
1653,2191,1
1844,2191,1
127,2191,1
610,2192,1
1084,2192,1
1268,2192,1
957,2192,1
1725,2192,1
507,2192,1
573,2192,1
489,2192,1
1383,2192,1
71,2192,1
1322,2192,1
1673,2192,1
989,2192,1
2103,2192,1
827,2192,1
547,2192,1
457,2192,1
2228,2192,1
774,2193,1
629,2193,1
1030,2193,1
460,2193,1
2118,2193,1
1783,2193,1
2075,2193,1
958,2193,1
1787,2193,1
448,2193,1
1435,2193,1
1053,2193,1
1543,2193,1
2282,2193,1
2130,2193,1
1061,2194,1
2285,2195,1
2239,2195,1
449,2195,1
233,2195,1
521,2196,1
1933,2196,1
1597,2196,1
1909,2196,1
1415,2196,1
448,2196,1
1984,2196,1
2259,2196,1
1139,2196,1
916,2196,1
1860,2196,1
1264,2196,1
1786,2197,1
80,2198,1
2038,2199,1
2220,2200,1
1061,2201,1
68,2201,1
1725,2201,1
2009,2202,1
569,2202,1
1116,2203,1
495,2203,1
2301,2203,1
1512,2203,1
1305,2203,1
1949,2203,1
1767,2203,1
1001,2203,1
340,2203,1
1053,2203,1
714,2203,1
1074,2203,1
2145,2203,1
1880,2203,1
1033,2203,1
2011,2204,1
1444,2204,1
1683,2204,1
1611,2205,1
1496,2205,1
1933,2205,1
1053,2205,1
435,2205,1
1523,2206,1
1844,2207,1
1061,2208,1
601,2208,1
1131,2209,1
1806,2209,1
1725,2209,1
49,2209,1
1074,2209,1
1221,2209,1
2009,2210,1
569,2210,1
770,2211,1
2114,2212,1
427,2212,1
2294,2212,1
364,2212,1
1496,2212,1
714,2212,1
1719,2212,1
1648,2212,1
1465,2212,1
1844,2213,1
1874,2213,1
1863,2214,1
889,2215,1
2292,2216,1
127,2217,1
437,2217,1
1594,2217,1
2000,2217,1
526,2218,1
1306,2218,1
1053,2219,1
1496,2219,1
1725,2219,1
1483,2219,1
173,2220,1
479,2220,1
931,2221,1
2313,2221,1
303,2222,1
2336,2222,1
1154,2222,1
429,2223,1
127,2224,1
437,2224,1
69,2224,1
957,2225,1
1243,2226,1
1218,2226,1
1787,2226,1
196,2227,1
521,2227,1
777,2227,1
324,2227,1
190,2227,1
2201,2227,1
1250,2227,1
1062,2227,1
127,2227,1
1985,2227,1
2085,2227,1
294,2227,1
1364,2227,1
1745,2227,1
1110,2227,1
607,2227,1
1911,2227,1
303,2228,1
1853,2228,1
208,2228,1
45,2228,1
1521,2228,1
368,2228,1
127,2228,1
1390,2228,1
1747,2228,1
1483,2228,1
1587,2228,1
332,2228,1
2368,2228,1
1757,2228,1
2142,2228,1
1867,2228,1
1028,2228,1
1423,2229,1
495,2230,1
863,2231,1
394,2231,1
630,2232,1
37,2233,1
1985,2233,1
1304,2234,1
629,2234,1
507,2234,1
957,2234,1
1587,2234,1
664,2234,1
1084,2234,1
1151,2234,1
196,2235,1
1061,2235,1
714,2235,1
1767,2235,1
2324,2235,1
1038,2236,1
264,2236,1
1334,2236,1
23,2236,1
2,2236,1
521,2237,1
324,2237,1
883,2237,1
1940,2237,1
522,2237,1
1062,2237,1
2085,2237,1
1377,2237,1
754,2237,1
529,2237,1
1286,2237,1
1867,2237,1
1291,2237,1
174,2237,1
265,2237,1
1297,2237,1
2149,2237,1
2312,2238,1
2051,2238,1
1972,2239,1
2188,2240,1
507,2240,1
1612,2240,1
287,2240,1
329,2240,1
2182,2241,1
774,2241,1
81,2241,1
2168,2241,1
2075,2241,1
2062,2241,1
884,2241,1
2118,2241,1
1767,2241,1
1847,2241,1
1374,2241,1
623,2241,1
1787,2242,1
2084,2242,1
1084,2242,1
934,2242,1
525,2243,1
2062,2243,1
2038,2243,1
2031,2244,1
642,2244,1
226,2244,1
1643,2244,1
2314,2244,1
1836,2244,1
1755,2244,1
689,2244,1
978,2244,1
1926,2244,1
1550,2244,1
2052,2244,1
717,2244,1
1332,2244,1
184,2244,1
928,2245,1
1274,2245,1
215,2245,1
2059,2245,1
127,2245,1
1128,2245,1
1844,2245,1
1653,2246,1
1844,2246,1
1844,2247,1
629,2248,1
2343,2248,1
103,2248,1
84,2248,1
1541,2248,1
227,2248,1
1354,2248,1
2085,2248,1
600,2248,1
2382,2248,1
1488,2248,1
2402,2248,1
1661,2248,1
1063,2248,1
1965,2248,1
1971,2248,1
863,2248,1
1024,2248,1
450,2248,1
1578,2248,1
409,2248,1
1724,2248,1
1515,2248,1
268,2249,1
419,2249,1
521,2249,1
2011,2249,1
1128,2249,1
2085,2249,1
1985,2249,1
1961,2249,1
329,2249,1
2011,2250,1
127,2250,1
2271,2250,1
1168,2250,1
2126,2250,1
2399,2250,1
1192,2250,1
1877,2250,1
747,2250,1
1844,2250,1
1488,2250,1
1139,2250,1
1446,2250,1
1846,2250,1
916,2250,1
1348,2250,1
1614,2250,1
767,2250,1
161,2250,1
630,2251,1
889,2251,1
916,2251,1
892,2252,1
1948,2252,1
547,2252,1
1303,2252,1
1844,2252,1
47,2252,1
399,2252,1
2161,2252,1
437,2253,1
1015,2254,1
2220,2254,1
1311,2254,1
1032,2255,1
2334,2255,1
624,2255,1
1150,2255,1
2383,2255,1
924,2255,1
501,2255,1
458,2255,1
1043,2255,1
684,2255,1
1952,2256,1
437,2257,1
372,2257,1
507,2258,1
2085,2258,1
2248,2259,1
1128,2259,1
437,2259,1
127,2260,1
1791,2260,1
2304,2260,1
2212,2260,1
1483,2260,1
614,2261,1
2100,2261,1
1844,2261,1
218,2262,1
640,2262,1
1496,2262,1
2115,2262,1
429,2263,1
2009,2264,1
1523,2265,1
1061,2266,1
1863,2267,1
456,2268,1
1727,2268,1
714,2268,1
203,2268,1
1800,2268,1
759,2268,1
1874,2268,1
2093,2269,1
1564,2270,1
2085,2270,1
1470,2270,1
662,2270,1
1132,2271,1
610,2271,1
340,2271,1
1791,2272,1
429,2273,1
88,2274,1
507,2274,1
2100,2274,1
240,2274,1
1208,2274,1
754,2274,1
1844,2274,1
1311,2275,1
1369,2275,1
1787,2275,1
774,2276,1
490,2277,1
37,2278,1
2085,2278,1
724,2278,1
65,2279,1
1232,2280,1
460,2281,1
1583,2281,1
1789,2281,1
158,2282,1
1472,2282,1
1236,2282,1
1515,2283,1
1956,2283,1
127,2283,1
582,2283,1
277,2283,1
155,2283,1
895,2284,1
2035,2285,1
1953,2285,1
1606,2285,1
950,2285,1
1113,2285,1
127,2286,1
2220,2286,1
1698,2287,1
1461,2287,1
567,2288,1
247,2289,1
303,2289,1
1853,2289,1
937,2289,1
2031,2289,1
718,2290,1
2134,2290,1
1654,2290,1
389,2291,1
69,2291,1
498,2292,1
2313,2292,1
1747,2292,1
1867,2292,1
619,2292,1
2351,2292,1
1904,2292,1
629,2293,1
763,2294,1
419,2294,1
1771,2294,1
2384,2294,1
1406,2294,1
324,2294,1
168,2294,1
2201,2294,1
1653,2294,1
1985,2294,1
784,2294,1
90,2294,1
1760,2294,1
754,2294,1
834,2294,1
1867,2294,1
174,2294,1
265,2294,1
1067,2294,1
1515,2294,1
2207,2294,1
184,2294,1
2337,2294,1
2220,2295,1
1771,2296,1
1524,2296,1
2288,2296,1
2227,2296,1
1268,2296,1
2408,2296,1
1483,2296,1
201,2296,1
1421,2296,1
2246,2296,1
1867,2296,1
863,2296,1
1971,2296,1
525,2297,1
2220,2297,1
1311,2297,1
892,2298,1
2011,2298,1
142,2298,1
600,2298,1
623,2298,1
1563,2298,1
340,2298,1
507,2299,1
2245,2299,1
610,2300,1
2038,2300,1
2312,2301,1
81,2302,1
192,2302,1
1654,2303,1
2220,2304,1
1653,2305,1
2011,2306,1
1270,2306,1
2100,2306,1
1311,2307,1
569,2308,1
1844,2309,1
2020,2309,1
1264,2309,1
714,2310,1
1874,2310,1
1567,2310,1
1221,2310,1
1128,2311,1
582,2311,1
2375,2311,1
437,2311,1
1120,2312,1
2126,2312,1
582,2312,1
277,2312,1
20,2312,1
976,2312,1
2155,2312,1
1062,2312,1
915,2312,1
1488,2312,1
1972,2312,1
1446,2312,1
310,2312,1
121,2312,1
161,2312,1
1348,2312,1
1722,2312,1
1614,2312,1
1881,2312,1
1084,2313,1
341,2313,1
127,2314,1
1654,2314,1
1061,2315,1
590,2316,1
1018,2316,1
1851,2316,1
2100,2316,1
12,2316,1
620,2316,1
1701,2316,1
127,2317,1
2220,2317,1
1844,2318,1
1751,2318,1
1844,2319,1
1001,2320,1
2375,2320,1
437,2320,1
224,2320,1
1860,2320,1
1624,2321,1
1611,2322,1
1844,2323,1
2424,2324,1
610,2325,1
1232,2325,1
576,2325,1
528,2325,1
573,2325,1
961,2325,1
1256,2326,1
1783,2326,1
1867,2326,1
448,2326,1
429,2327,1
695,2327,1
37,2328,1
654,2328,1
629,2329,1
1816,2329,1
2146,2329,1
1067,2329,1
127,2330,1
65,2330,1
993,2330,1
2089,2330,1
185,2331,1
429,2332,1
1654,2333,1
2298,2334,1
610,2334,1
1232,2334,1
576,2334,1
2264,2335,1
1493,2335,1
1071,2336,1
419,2336,1
625,2336,1
521,2336,1
2384,2336,1
2331,2336,1
1692,2336,1
324,2336,1
168,2336,1
1653,2336,1
752,2336,1
1670,2336,1
1117,2336,1
1837,2336,1
1373,2336,1
47,2336,1
776,2336,1
1985,2336,1
1357,2336,1
2085,2336,1
540,2336,1
2175,2336,1
2288,2336,1
1074,2336,1
529,2336,1
1286,2336,1
607,2336,1
1867,2336,1
1911,2336,1
174,2336,1
547,2336,1
100,2336,1
2413,2336,1
848,2336,1
1125,2336,1
1523,2337,1
185,2338,1
1053,2338,1
1291,2338,1
127,2339,1
1787,2339,1
993,2339,1
144,2340,1
1533,2341,1
904,2341,1
203,2341,1
1084,2342,1
1496,2343,1
1844,2343,1
2282,2343,1
868,2344,1
2313,2345,1
155,2346,1
2170,2347,1
1836,2347,1
1919,2348,1
1854,2348,1
1248,2348,1
1421,2348,1
37,2349,1
1985,2349,1
1461,2350,1
892,2351,1
1712,2351,1
127,2352,1
496,2352,1
1218,2352,1
154,2352,1
1052,2352,1
675,2352,1
127,2353,1
2220,2353,1
2261,2354,1
630,2354,1
1787,2354,1
1518,2354,1
957,2355,1
920,2356,1
521,2356,1
1071,2356,1
1621,2356,1
2256,2356,1
843,2356,1
381,2356,1
111,2357,1
1506,2357,1
103,2358,1
127,2358,1
1844,2358,1
868,2359,1
521,2360,1
2011,2360,1
1128,2360,1
606,2361,1
1885,2361,1
1030,2361,1
250,2361,1
437,2361,1
1654,2362,1
127,2363,1
1844,2363,1
155,2363,1
1084,2364,1
1456,2364,1
1333,2364,1
926,2365,1
653,2365,1
521,2366,1
1588,2367,1
1003,2367,1
1653,2367,1
1373,2367,1
770,2368,1
1931,2369,1
1030,2369,1
1725,2369,1
1790,2369,1
521,2370,1
179,2370,1
2334,2370,1
1819,2371,1
1695,2371,1
1186,2371,1
2360,2371,1
69,2372,1
419,2373,1
2162,2373,1
989,2373,1
1564,2373,1
1830,2373,1
1952,2373,1
2035,2374,1
610,2375,1
1311,2376,1
2220,2377,1
103,2378,1
127,2378,1
1844,2378,1
1844,2379,1
226,2379,1
1648,2379,1
1074,2380,1
1927,2380,1
389,2381,1
1933,2382,1
2125,2382,1
1909,2382,1
1960,2382,1
1139,2382,1
1860,2382,1
2011,2383,1
419,2384,1
1084,2384,1
2302,2384,1
983,2384,1
1053,2385,1
303,2386,1
155,2386,1
2202,2386,1
37,2387,1
736,2388,1
1712,2388,1
1690,2388,1
1702,2389,1
264,2389,1
1767,2389,1
892,2390,1
1892,2390,1
2118,2390,1
203,2390,1
1747,2390,1
1767,2391,1
2011,2392,1
629,2392,1
1356,2392,1
1765,2392,1
496,2393,1
675,2393,1
787,2393,1
993,2393,1
2107,2393,1
774,2394,1
2062,2394,1
714,2394,1
2075,2394,1
1678,2394,1
1624,2394,1
2170,2394,1
244,2394,1
1197,2394,1
1704,2394,1
1933,2395,1
1233,2395,1
677,2395,1
2125,2395,1
1515,2396,1
348,2396,1
629,2397,1
2383,2397,1
2100,2397,1
2220,2398,1
1658,2399,1
1844,2400,1
781,2400,1
445,2400,1
2199,2401,1
2220,2401,1
2421,2401,1
1844,2401,1
64,2401,1
2220,2402,1
2011,2403,1
32,2403,1
1084,2403,1
357,2403,1
1844,2403,1
1063,2403,1
1319,2403,1
1075,2403,1
745,2403,1
540,2404,1
931,2405,1
774,2405,1
1319,2405,1
2100,2405,1
1624,2405,1
1074,2406,1
1391,2406,1
1497,2406,1
2011,2407,1
667,2407,1
582,2407,1
1584,2407,1
1291,2407,1
1967,2407,1
1867,2407,1
174,2407,1
2408,2408,1
1268,2408,1
80,2409,1
1071,2409,1
2077,2410,1
2020,2411,1
1764,2412,1
1256,2412,1
374,2412,1
1549,2412,1
302,2412,1
1919,2412,1
836,2413,1
386,2413,1
1844,2413,1
1725,2413,1
679,2414,1
681,2414,1
69,2414,1
1844,2415,1
1014,2416,1
2312,2416,1
1483,2416,1
1836,2416,1
2314,2416,1
2220,2417,1
2220,2418,1
2261,2418,1
965,2418,1
648,2418,1
679,2418,1
496,2419,1
1599,2419,1
1767,2419,1
714,2419,1
2100,2419,1
2222,2419,1
1128,2420,1
521,2420,1
1268,2420,1
2408,2420,1
522,2420,1
1357,2420,1
415,2421,1
892,2421,1
2287,2421,1
1524,2422,1
1380,2422,1
1421,2423,1
127,2424,1
2220,2424,1
2264,2425,1
235,2426,1
521,2426,1
2201,2426,1
1128,2426,1
1584,2426,1
1844,2427,1
1927,2428,1
409,2428,1
1326,2428,1
4,2428,1
1647,2428,1
1786,2429,1
226,2429,1
356,2429,1
1867,2429,1
1933,2430,1
324,2430,1
1909,2430,1
2037,2430,1
1844,2430,1
447,2431,1
752,2431,1
2100,2431,1
1306,2432,1
357,2432,1
2085,2432,1
435,2432,1
1844,2432,1
1933,2433,1
127,2433,1
1909,2433,1
432,2433,1
1984,2433,1
1892,2434,1
1369,2434,1
230,2434,1
419,2435,1
1335,2435,1
179,2435,1
1791,2435,1
2051,2435,1
303,2436,1
785,2437,1
2062,2438,1
324,2438,1
2290,2438,1
1128,2438,1
1062,2438,1
1985,2438,1
540,2438,1
617,2438,1
719,2438,1
174,2438,1
582,2439,1
1877,2439,1
1844,2439,1
121,2439,1
1933,2440,1
6,2441,1
1680,2442,1
2220,2442,1
1387,2443,1
2264,2444,1
2061,2445,1
864,2445,1
1722,2445,1
1953,2445,1
1061,2446,1
701,2446,1
863,2446,1
898,2446,1
1549,2447,1
302,2447,1
1919,2447,1
1933,2448,1
521,2448,1
1909,2448,1
800,2448,1
127,2449,1
1844,2449,1
303,2450,1
1867,2450,1
2220,2451,1
203,2452,1
1471,2453,1
1350,2453,1
1421,2453,1
714,2453,1
2101,2454,1
679,2454,1
2405,2455,1
739,2455,1
1161,2456,1
2040,2456,1
65,2456,1
2427,2456,1
1053,2456,1
635,2456,1
175,2456,1
2282,2456,1
1523,2457,1
1791,2457,1
458,2457,1
107,2457,1
1074,2458,1
1927,2458,1
2264,2459,1
324,2460,1
2303,2460,1
2125,2460,1
2220,2461,1
714,2461,1
1120,2462,1
127,2462,1
1844,2462,1
127,2463,1
2271,2463,1
1844,2463,1
944,2464,1
770,2465,1
521,2465,1
2125,2465,1
2100,2466,1
186,2467,1
916,2468,1
1471,2469,1
1053,2470,1
691,2470,1
2011,2471,1
2333,2471,1
1496,2471,1
69,2472,1
1311,2473,1
629,2473,1
1786,2473,1
1071,2474,1
1844,2474,1
127,2474,1
892,2475,1
976,2475,1
714,2475,1
448,2475,1
1435,2475,1
1687,2475,1
115,2475,1
544,2475,1
1053,2476,1
2137,2476,1
186,2476,1
1128,2476,1
976,2476,1
357,2476,1
2100,2476,1
2375,2476,1
540,2476,1
1725,2477,1
2290,2478,1
2199,2478,1
774,2479,1
1769,2479,1
1053,2479,1
1719,2479,1
80,2480,1
69,2480,1
2220,2481,1
324,2482,1
1933,2482,1
2125,2482,1
1471,2483,1
892,2483,1
2118,2483,1
1867,2483,1
714,2483,1
1786,2484,1
1170,2485,1
777,2485,1
1985,2485,1
2011,2486,1
1877,2486,1
1461,2486,1
1844,2486,1
1104,2487,1
2075,2487,1
1844,2487,1
971,2487,1
2087,2487,1
693,2487,1
1952,2487,1
281,2488,1
1844,2488,1
399,2488,1
1095,2488,1
1844,2489,1
614,2490,1
2264,2491,1
66,2492,1
2118,2492,1
26,2492,1
373,2493,1
1128,2493,1
2217,2493,1
271,2494,1
1483,2494,1
1069,2495,1
83,2495,1
2075,2495,1
1053,2495,1
448,2495,1
1435,2495,1
1657,2495,1
303,2496,1
1564,2496,1
630,2496,1
760,2496,1
1755,2496,1
1067,2496,1
2220,2497,1
1030,2498,1
2062,2498,1
883,2498,1
1653,2498,1
547,2498,1
529,2498,1
127,2499,1
993,2499,1
892,2500,1
1261,2500,1
629,2501,1
1985,2501,1
911,2501,1
1611,2502,1
1261,2502,1
495,2502,1
1767,2502,1
1319,2502,1
892,2503,1
1456,2503,1
1071,2504,1
419,2504,1
667,2504,1
1030,2504,1
1588,2504,1
276,2504,1
1653,2504,1
752,2504,1
1670,2504,1
1128,2504,1
1985,2504,1
1357,2504,1
2085,2504,1
508,2504,1
540,2504,1
1110,2504,1
2269,2504,1
1967,2504,1
1286,2504,1
1867,2504,1
174,2504,1
265,2504,1
100,2504,1
1515,2504,1
616,2504,1
1927,2505,1
928,2506,1
215,2506,1
127,2506,1
1128,2506,1
1844,2506,1
1725,2507,1
1933,2508,1
521,2508,1
324,2508,1
1909,2508,1
522,2508,1
558,2508,1
2230,2509,1
2162,2510,1
1853,2510,1
158,2510,1
1363,2510,1
1075,2510,1
2031,2511,1
2035,2511,1
1953,2511,1
1988,2511,1
2375,2512,1
437,2512,1
1718,2513,1
1725,2513,1
1471,2513,1
1502,2513,1
2102,2513,1
257,2513,1
179,2514,1
1150,2514,1
2051,2514,1
1462,2514,1
1836,2515,1
1926,2515,1
1867,2515,1
279,2515,1
696,2516,1
1853,2517,1
264,2517,1
1747,2517,1
1844,2517,1
774,2518,1
933,2518,1
1053,2518,1
1927,2519,1
774,2520,1
1255,2521,1
2114,2522,1
343,2522,1
1047,2522,1
836,2523,1
1844,2523,1
1053,2524,1
647,2524,1
1953,2525,1
1885,2525,1
1240,2525,1
933,2525,1
950,2525,1
779,2525,1
381,2526,1
1243,2526,1
324,2526,1
1373,2526,1
1961,2526,1
209,2526,1
1985,2526,1
774,2527,1
80,2527,1
1713,2528,1
1648,2529,1
458,2530,1
2011,2531,1
1120,2531,1
127,2531,1
2126,2531,1
1877,2531,1
1844,2531,1
916,2531,1
161,2531,1
898,2532,1
989,2532,1
858,2532,1
1984,2533,1
521,2534,1
1225,2534,1
179,2534,1
1349,2534,1
94,2534,1
1787,2534,1
1940,2535,1
1128,2535,1
571,2535,1
1053,2535,1
1247,2535,1
67,2535,1
115,2535,1
2220,2536,1
303,2536,1
1053,2536,1
297,2536,1
647,2536,1
2220,2537,1
2179,2538,1
283,2538,1
746,2539,1
201,2539,1
1844,2540,1
245,2540,1
1612,2541,1
1661,2541,1
2284,2541,1
1523,2542,1
1255,2543,1
629,2544,1
866,2545,1
2066,2545,1
2118,2545,1
2079,2545,1
1669,2545,1
144,2545,1
1389,2545,1
535,2545,1
673,2545,1
1209,2545,1
179,2546,1
2334,2546,1
501,2546,1
1736,2546,1
458,2546,1
2051,2546,1
1725,2547,1
127,2548,1
1459,2548,1
675,2548,1
993,2548,1
1783,2549,1
559,2550,1
1362,2550,1
1629,2550,1
264,2550,1
774,2551,1
2420,2552,1
1084,2552,1
1128,2552,1
1844,2553,1
2298,2554,1
1844,2554,1
1523,2555,1
421,2555,1
2129,2556,1
1867,2556,1
1874,2556,1
1863,2557,1
2309,2558,1
999,2559,1
1063,2559,1
2220,2560,1
2261,2560,1
965,2560,1
901,2560,1
1933,2561,1
521,2561,1
324,2561,1
1909,2561,1
1139,2561,1
1860,2561,1
302,2562,1
2100,2562,1
2062,2563,1
37,2564,1
521,2564,1
2011,2564,1
377,2564,1
1268,2564,1
2408,2564,1
1653,2564,1
47,2564,1
2166,2564,1
2085,2564,1
107,2564,1
1985,2564,1
1973,2564,1
1961,2564,1
1502,2564,1
1967,2564,1
754,2564,1
529,2564,1
1286,2564,1
1867,2564,1
174,2564,1
265,2564,1
127,2565,1
1877,2565,1
2126,2565,1
1844,2565,1
1844,2566,1
993,2567,1
1592,2567,1
521,2568,1
522,2568,1
884,2569,1
783,2569,1
1706,2569,1
1874,2569,1
437,2569,1
714,2569,1
1047,2569,1
303,2570,1
2249,2570,1
1534,2570,1
647,2570,1
1497,2570,1
2220,2571,1
714,2572,1
2361,2572,1
1725,2572,1
1874,2572,1
1512,2573,1
203,2573,1
1725,2573,1
2249,2573,1
1767,2573,1
1497,2573,1
1074,2573,1
1296,2574,1
1719,2574,1
1657,2574,1
774,2575,1
1296,2575,1
2114,2576,1
1290,2576,1
1844,2576,1
1145,2577,1
1471,2577,1
2162,2578,1
1844,2579,1
1844,2580,1
127,2581,1
1933,2581,1
1909,2581,1
1844,2581,1
1523,2582,1
501,2582,1
458,2582,1
1462,2582,1
519,2582,1
1074,2582,1
257,2582,1
774,2583,1
80,2583,1
1311,2584,1
1456,2585,1
2326,2585,1
1844,2586,1
399,2586,1
1084,2587,1
1256,2588,1
710,2588,1
2220,2589,1
965,2589,1
833,2590,1
1084,2591,1
127,2592,1
1844,2592,1
629,2593,1
1862,2593,1
2036,2593,1
911,2593,1
648,2593,1
2000,2593,1
2161,2593,1
805,2593,1
1844,2594,1
127,2595,1
1844,2595,1
155,2595,1
620,2596,1
2295,2597,1
1933,2598,1
1844,2598,1
1844,2599,1
127,2600,1
1844,2600,1
1074,2601,1
357,2601,1
2289,2601,1
2317,2601,1
57,2601,1
297,2601,1
1113,2602,1
435,2603,1
1233,2604,1
1890,2604,1
328,2604,1
127,2604,1
1844,2604,1
1296,2605,1
201,2606,1
1483,2606,1
863,2606,1
1933,2607,1
1787,2608,1
619,2609,1
1311,2610,1
179,2611,1
1523,2611,1
1150,2611,1
501,2611,1
2334,2611,1
2051,2611,1
107,2611,1
1791,2611,1
1496,2612,1
1867,2612,1
1874,2613,1
1315,2614,1
419,2615,1
521,2615,1
2011,2615,1
324,2615,1
1128,2615,1
1498,2616,1
1471,2617,1
2312,2617,1
1558,2618,1
1844,2618,1
1537,2618,1
257,2618,1
1844,2619,1
1296,2620,1
866,2621,1
1038,2621,1
589,2621,1
1927,2622,1
1844,2623,1
2011,2624,1
127,2624,1
1311,2625,1
88,2626,1
409,2626,1
1128,2627,1
1844,2627,1
127,2628,1
1933,2628,1
324,2628,1
1909,2628,1
2037,2628,1
1255,2629,1
2156,2630,1
1844,2630,1
1725,2631,1
829,2632,1
179,2633,1
501,2633,1
1577,2633,1
2342,2634,1
1985,2635,1
521,2635,1
381,2635,1
303,2636,1
774,2637,1
420,2637,1
419,2638,1
2137,2638,1
2036,2638,1
1161,2639,1
1498,2639,1
2040,2639,1
127,2640,1
1844,2641,1
1030,2642,1
521,2642,1
1653,2642,1
752,2642,1
1373,2642,1
398,2642,1
1851,2642,1
2085,2642,1
508,2642,1
1985,2642,1
1076,2642,1
1967,2642,1
754,2642,1
529,2642,1
1067,2642,1
1867,2642,1
547,2642,1
174,2642,1
265,2642,1
100,2642,1
233,2642,1
1952,2642,1
2011,2643,1
127,2643,1
1844,2643,1
1461,2643,1
1446,2643,1
1933,2644,1
454,2644,1
1030,2645,1
1725,2645,1
1933,2646,1
770,2646,1
1844,2647,1
127,2648,1
1844,2648,1
1446,2648,1
915,2648,1
121,2648,1
589,2649,1
830,2650,1
2075,2651,1
1767,2651,1
1868,2651,1
324,2652,1
357,2652,1
1653,2652,1
2032,2652,1
2085,2652,1
107,2652,1
1985,2652,1
1961,2652,1
1967,2652,1
754,2652,1
529,2652,1
1286,2652,1
1867,2652,1
1067,2652,1
1498,2653,1
303,2654,1
1074,2654,1
647,2654,1
1204,2654,1
477,2655,1
1800,2655,1
618,2655,1
1483,2655,1
1687,2655,1
1909,2656,1
2125,2656,1
386,2657,1
268,2658,1
1922,2658,1
965,2659,1
2051,2660,1
94,2660,1
501,2660,1
2312,2660,1
458,2660,1
2242,2660,1
771,2660,1
1791,2660,1
257,2660,1
1781,2661,1
387,2662,1
892,2662,1
931,2663,1
1844,2663,1
533,2664,1
1196,2664,1
2249,2664,1
85,2664,1
1844,2665,1
1515,2666,1
2125,2666,1
1231,2667,1
1512,2667,1
2343,2667,1
336,2667,1
785,2667,1
341,2667,1
1725,2667,1
569,2667,1
716,2667,1
1673,2667,1
533,2668,1
965,2668,1
1844,2669,1
1725,2669,1
521,2670,1
1150,2670,1
793,2671,1
1292,2672,1
1874,2672,1
1952,2672,1
243,2673,1
1725,2673,1
1333,2674,1
1844,2674,1
2220,2675,1
1456,2676,1
1844,2677,1
1418,2677,1
1874,2677,1
2220,2678,1
783,2679,1
1844,2679,1
802,2680,1
1648,2680,1
233,2680,1
226,2681,1
1904,2681,1
1844,2682,1
1074,2683,1
1844,2684,1
2184,2684,1
1032,2685,1
1794,2685,1
2051,2685,1
924,2685,1
864,2686,1
303,2687,1
1391,2687,1
1084,2688,1
1497,2689,1
1131,2690,1
1010,2690,1
1053,2690,1
1084,2690,1
958,2690,1
1844,2691,1
1421,2692,1
1084,2692,1
2336,2692,1
1032,2693,1
1791,2693,1
2066,2694,1
933,2694,1
1844,2694,1
1686,2694,1
470,2695,1
819,2695,1
1161,2696,1
1844,2697,1
785,2698,1
920,2698,1
1150,2699,1
2051,2699,1
1844,2700,1
1343,2701,1
1938,2701,1
1874,2702,1
187,2703,1
1867,2703,1
2379,2703,1
864,2704,1
1084,2705,1
1084,2706,1
2162,2707,1
1853,2707,1
1931,2708,1
2114,2709,1
843,2709,1
1267,2710,1
1844,2711,1
1844,2712,1
1767,2712,1
1537,2712,1
127,2713,1
1844,2713,1
155,2713,1
1061,2714,1
601,2714,1
2090,2715,1
80,2716,1
1985,2717,1
2011,2717,1
2220,2718,1
1471,2719,1
2312,2719,1
495,2720,1
415,2721,1
1544,2722,1
127,2723,1
501,2723,1
1787,2723,1
559,2724,1
2011,2725,1
1128,2725,1
1047,2726,1
2100,2727,1
415,2728,1
774,2728,1
83,2728,1
399,2728,1
1746,2729,1
1844,2730,1
1135,2731,1
1523,2732,1
2242,2732,1
1787,2733,1
1783,2734,1
1311,2735,1
830,2736,1
87,2736,1
1874,2737,1
80,2738,1
1319,2739,1
836,2740,1
66,2740,1
1609,2741,1
1933,2742,1
2125,2742,1
164,2743,1
1204,2744,1
399,2744,1
2062,2745,1
1246,2746,1
1725,2747,1
1844,2748,1
2016,2749,1
2252,2750,1
1656,2750,1
1844,2751,1
892,2752,1
1844,2752,1
521,2753,1
654,2753,1
1319,2754,1
226,2755,1
700,2755,1
1844,2756,1
1844,2757,1
1844,2758,1
80,2759,1
2118,2760,1
971,2760,1
1844,2761,1
1319,2762,1
1844,2763,1
1725,2764,1
2220,2765,1
2011,2766,1
2100,2766,1
1844,2767,1
1844,2768,1
1174,2769,1
2062,2770,1
1319,2771,1
1568,2772,1
1985,2773,1
1128,2773,1
1196,2774,1
1844,2774,1
1933,2775,1
1844,2776,1
1192,2776,1
2126,2776,1
161,2776,1
80,2777,1
80,2778,1
2011,2779,1
277,2779,1
1877,2779,1
915,2779,1
1446,2779,1
161,2779,1
1985,2780,1
1844,2781,1
1311,2782,1
182,2783,1
1311,2784,1
166,2785,1
1844,2785,1
1863,2786,1
1844,2787,1
1471,2788,1
268,2789,1
1847,2790,1
1985,2791,1
1071,2791,1
127,2792,1
1909,2792,1
83,2793,1
1084,2793,1
915,2794,1
1152,2795,1
2312,2796,1
107,2796,1
1563,2797,1
115,2797,1
2061,2798,1
864,2798,1
1611,2799,1
2075,2800,1
1725,2801,1
1844,2802,1
2184,2803,1
1844,2804,1
1075,2805,1
179,2806,1
1523,2806,1
1985,2807,1
448,2808,1
522,2809,1
1867,2809,1
1874,2810,1
2011,2811,1
1892,2812,1
1985,2813,1
1844,2814,1
1844,2815,1
1844,2816,1
600,2816,1
774,2817,1
2118,2818,1
1084,2819,1
1523,2820,1
1358,2820,1
2051,2820,1
1725,2821,1
419,2822,1
2405,2823,1
454,2824,1
2294,2825,1
564,2826,1
1725,2827,1
1919,2828,1
1844,2829,1
2367,2829,1
2114,2830,1
793,2830,1
1933,2831,1
2351,2832,1
2383,2833,1
2090,2833,1
1844,2834,1
1844,2835,1
1084,2836,1
1874,2837,1
437,2838,1
924,2839,1
774,2840,1
2242,2841,1
1084,2842,1
1471,2843,1
1084,2844,1
2100,2845,1
2011,2846,1
1626,2847,1
1874,2848,1
2011,2849,1
1611,2850,1
1496,2851,1
1933,2852,1
491,2853,1
429,2854,1
1105,2855,1
64,2855,1
491,2856,1
920,2856,1
1844,2857,1
1137,2858,1
491,2859,1
419,2860,1
2321,2861,1
1844,2862,1
629,2863,1
1844,2864,1
429,2865,1
419,2866,1
629,2867,1
419,2868,1
629,2869,1
2220,2870,1
2220,2871,1
429,2872,1
429,2873,1
429,2874,1
429,2875,1
429,2876,1
429,2877,1
1161,2878,1
920,2879,1
2114,2880,1
2179,2881,1
429,2882,1
429,2883,1
183,2884,1
1863,2885,1
429,2886,1
429,2887,1
429,2888,1
419,2889,1
2220,2890,1
429,2891,1
429,2892,1
135,2893,1
2220,2894,1
707,2895,1
606,2896,1
1471,2897,1
